   2.8097328e+06   1.4315208e+03   1.1928330e+03   1.2746549e+03   9.7721581e+02   8.3633815e+02   6.0257039e+02   4.9577431e+02   4.5679483e+02   3.7486112e+02   3.8800704e+02   3.4071336e+02   3.0401864e+02   3.3115510e+02   2.2566133e+02   1.6910192e+02   1.3713099e+02   1.0081678e+02   7.4924383e+01   5.1353629e+01   3.4862701e+01   2.6086730e+01   1.7235367e+01   1.4247518e+01   1.3758487e+01
   2.8116157e+06   1.6971291e+03   1.2534478e+03   1.0094274e+03   5.9749525e+02   7.1231501e+02   8.5093908e+02   8.4909593e+02   6.0980707e+02   4.2519923e+02   3.3694272e+02   2.9778138e+02   2.7738424e+02   2.1709615e+02   2.6665426e+02   2.2110220e+02   1.6199443e+02   1.3609353e+02   6.6229471e+01   4.7958689e+01   3.2731120e+01   2.3715537e+01   1.2290299e+01   6.5941706e+00   7.3331378e+00
   2.8130724e+06   1.7162713e+03   1.3277204e+03   1.0064264e+03   5.8487279e+02   9.9900978e+02   1.0853826e+03   8.8198602e+02   8.8608557e+02   7.2404210e+02   4.4790113e+02   2.9087841e+02   2.8815732e+02   2.8553547e+02   2.8600266e+02   2.5486619e+02   1.6898805e+02   1.0854759e+02   6.7461406e+01   5.2009358e+01   2.7816598e+01   1.6335025e+01   9.9567742e+00   7.1413034e+00   4.8613701e+00
   2.8140014e+06   1.1716479e+03   1.2474500e+03   1.0454921e+03   7.8517963e+02   8.8833246e+02   7.7393535e+02   4.7172281e+02   5.0764278e+02   5.2540710e+02   3.3534383e+02   3.1133397e+02   3.0172235e+02   2.6221385e+02   2.1372178e+02   1.7671563e+02   1.2200327e+02   9.4163556e+01   7.5119539e+01   5.2279774e+01   4.3470435e+01   2.0369791e+01   1.0092783e+01   6.7267140e+00   3.4347676e+00
   2.8134447e+06   1.0555808e+03   1.2682321e+03   9.8765858e+02   5.6660103e+02   5.0592110e+02   3.4419596e+02   3.4294845e+02   4.7331463e+02   4.1099762e+02   2.6948738e+02   3.5102566e+02   3.8397942e+02   3.0960422e+02   2.7149230e+02   2.1259851e+02   1.4896156e+02   1.1315611e+02   7.3717066e+01   4.7113912e+01   3.3177279e+01   1.7252015e+01   1.4506179e+01   1.3166322e+01   1.0179827e+01
   2.8219796e+06   1.7480771e+03   1.5369882e+03   9.6330955e+02   6.5845400e+02   7.3381998e+02   6.6027385e+02   5.8559665e+02   5.0547534e+02   4.5759825e+02   3.9188699e+02   3.0876832e+02   3.0516479e+02   3.0596673e+02   2.1449364e+02   1.9413755e+02   1.8773527e+02   1.1953120e+02   8.6624198e+01   5.2856874e+01   3.3536963e+01   2.3586013e+01   1.5251954e+01   1.0648446e+01   1.0234318e+01
   2.8172153e+06   1.7539385e+03   1.2569627e+03   1.1677371e+03   6.4400376e+02   6.0164490e+02   9.1922989e+02   9.7646058e+02   6.9014142e+02   5.2019862e+02   4.3572835e+02   3.5656748e+02   3.2025088e+02   2.9758849e+02   2.5159720e+02   1.9655915e+02   1.2695854e+02   9.8101338e+01   7.6546909e+01   5.7549376e+01   3.1609717e+01   1.8974655e+01   1.1796022e+01   7.3637601e+00   7.3416385e+00
   2.8173797e+06   3.6090861e+03   3.4536643e+03   3.3898790e+03   2.5868188e+03   2.3970495e+03   2.8908057e+03   2.7965762e+03   2.0856760e+03   1.7600780e+03   1.2999583e+03   6.4408886e+02   6.7502388e+02   7.8774459e+02   6.2901935e+02   3.6360984e+02   1.9556896e+02   1.5038903e+02   1.0227583e+02   5.3465777e+01   5.5228457e+01   4.9542772e+01   2.3242992e+01   1.8153256e+01   1.8506744e+01
   2.8194877e+06   2.1481859e+03   2.1902127e+03   2.3219974e+03   2.2432919e+03   2.6088899e+03   2.4251576e+03   1.9452776e+03   1.3192693e+03   6.9432854e+02   9.7161974e+02   8.7172257e+02   7.2752147e+02   7.4465846e+02   4.8778865e+02   3.4823005e+02   3.0309060e+02   2.0806918e+02   1.1222794e+02   8.0795663e+01   8.3295698e+01   5.3626129e+01   2.1969599e+01   1.4113108e+01   1.2426990e+01
   2.8237761e+06   1.6315633e+03   1.5025798e+03   1.5037149e+03   1.3999879e+03   1.7264333e+03   1.6717123e+03   1.0747537e+03   9.6523119e+02   9.1936973e+02   5.3067677e+02   4.4474590e+02   4.7721345e+02   4.3408000e+02   4.0003332e+02   3.1466902e+02   2.2544523e+02   1.4637735e+02   9.3987306e+01   7.2176976e+01   3.8543820e+01   2.9471277e+01   2.4065403e+01   2.1426861e+01   2.1024759e+01
   2.8114075e+06   2.3943327e+03   2.1078570e+03   2.0185545e+03   2.1498472e+03   2.2486798e+03   2.1990873e+03   1.6288226e+03   1.1664580e+03   1.1357480e+03   8.9405752e+02   8.1557573e+02   8.0919078e+02   6.5810937e+02   4.3038954e+02   2.6924556e+02   1.6641426e+02   1.4435900e+02   1.2913576e+02   9.7513288e+01   5.7118895e+01   3.7466216e+01   3.2358857e+01   3.2025008e+01   3.0012111e+01
   2.8025281e+06   3.1867591e+03   3.1751733e+03   2.7329594e+03   2.1005319e+03   1.7759296e+03   1.6534901e+03   1.5142046e+03   1.4298481e+03   1.4406955e+03   1.1032017e+03   6.7479001e+02   5.4210494e+02   4.9731486e+02   4.3766291e+02   4.6508643e+02   3.3730905e+02   2.4724406e+02   1.4862484e+02   9.3245524e+01   5.8912824e+01   2.6163530e+01   1.6287475e+01   7.7753355e+00   2.7190859e+00
   2.8036891e+06   2.0595753e+03   1.9204379e+03   2.2005883e+03   1.5041133e+03   1.0769160e+03   1.2337247e+03   1.4681269e+03   1.2954736e+03   9.0878216e+02   7.5153668e+02   6.8353637e+02   7.2007140e+02   6.3106051e+02   4.5105759e+02   3.7592541e+02   2.5077095e+02   1.7734926e+02   1.2483747e+02   9.0593516e+01   5.2911340e+01   3.2251962e+01   2.4304286e+01   1.8735121e+01   1.8047348e+01
   2.7989228e+06   4.5906922e+03   3.0349633e+03   2.8333147e+03   2.3709913e+03   1.9885916e+03   1.8413588e+03   1.3873658e+03   1.1830298e+03   1.3115949e+03   8.9680462e+02   5.7650208e+02   5.1363271e+02   4.6089586e+02   3.2414260e+02   3.1445552e+02   2.9226918e+02   2.2689764e+02   1.6541927e+02   1.1026689e+02   5.6828043e+01   5.4895804e+01   4.1869315e+01   4.3955912e+01   4.5009368e+01
   2.7916247e+06   1.1018939e+04   1.0482117e+04   7.7939803e+03   4.7193064e+03   4.2499103e+03   3.2074484e+03   2.3582151e+03   2.3738723e+03   2.6518271e+03   2.0291411e+03   1.7672098e+03   1.6712885e+03   1.5145829e+03   1.3787019e+03   1.1384261e+03   8.8919828e+02   5.9774062e+02   3.2204756e+02   1.6904768e+02   1.5998991e+02   1.2218389e+02   9.8557338e+01   9.3438834e+01   8.9506045e+01
   2.8598065e+06   1.3124199e+04   1.0382527e+04   8.2560696e+03   4.6086401e+03   4.2132958e+03   4.0972350e+03   2.8483410e+03   2.9172017e+03   2.1686741e+03   1.9893253e+03   2.0183318e+03   1.7364121e+03   1.6394760e+03   1.3729417e+03   1.2166679e+03   7.7603038e+02   5.2626140e+02   4.6034052e+02   2.5088899e+02   1.4380320e+02   1.3197418e+02   1.2825788e+02   1.1860774e+02   1.1990943e+02
   2.8648600e+06   2.6917812e+04   2.3012351e+04   1.4344724e+04   9.2385229e+03   7.3358263e+03   6.2103431e+03   4.2897215e+03   3.5376787e+03   2.9616497e+03   2.6454046e+03   1.9105479e+03   1.4760548e+03   1.5596473e+03   1.0280169e+03   9.6840591e+02   8.5568612e+02   6.4925850e+02   4.1948201e+02   1.8153948e+02   1.6543036e+02   1.3181828e+02   8.0736405e+01   7.9873434e+01   7.9980444e+01
   2.8055858e+06   2.9128927e+04   3.0677873e+04   1.9480216e+04   9.4076745e+03   6.2777045e+03   5.0150844e+03   4.7203876e+03   3.5269161e+03   3.4832068e+03   3.4238056e+03   2.2844417e+03   1.6950730e+03   1.7346577e+03   1.2884117e+03   1.0635396e+03   1.0329067e+03   5.6587182e+02   2.7977278e+02   2.4684920e+02   1.7332828e+02   9.7920378e+01   7.6001421e+01   8.3109614e+01   8.6085164e+01
   2.8026294e+06   2.0772685e+04   1.5488285e+04   1.0292556e+04   8.5374587e+03   7.4201826e+03   5.2348817e+03   4.6616443e+03   4.4401509e+03   3.5999375e+03   3.2942504e+03   2.0696129e+03   1.2391677e+03   1.2979336e+03   1.1082155e+03   1.1163034e+03   8.7265765e+02   5.3348536e+02   2.8894732e+02   2.1095297e+02   1.6583001e+02   7.8369393e+01   3.1100252e+01   1.9865574e+01   2.3410873e+01
   2.8073773e+06   1.6078708e+04   1.6034388e+04   1.2447575e+04   8.1019377e+03   5.5254379e+03   3.3711120e+03   3.6860447e+03   3.2769043e+03   2.6223196e+03   2.2794909e+03   1.6465180e+03   1.1443774e+03   1.2202963e+03   1.1326094e+03   6.7955605e+02   5.3884997e+02   3.9611840e+02   2.4298112e+02   1.3714321e+02   1.1231831e+02   6.7449470e+01   3.5310374e+01   2.2667127e+01   2.1470868e+01
   2.7935452e+06   1.5457974e+04   1.7314721e+04   1.1291147e+04   6.6086590e+03   4.9988567e+03   4.2840467e+03   3.7585235e+03   3.1923200e+03   2.3061788e+03   1.9269562e+03   1.6530148e+03   1.6538122e+03   1.4388957e+03   7.9422464e+02   5.8365921e+02   4.3370742e+02   3.4411188e+02   2.9096509e+02   2.1799819e+02   1.1743567e+02   5.4583456e+01   5.7815055e+01   5.6922353e+01   5.2833548e+01
   2.7887312e+06   1.1322258e+04   1.6613271e+04   1.4785437e+04   8.3740208e+03   4.8902652e+03   3.2339546e+03   3.6870775e+03   4.2921278e+03   3.8388947e+03   2.3649329e+03   1.6396797e+03   1.7112886e+03   1.3634814e+03   9.4211332e+02   6.6836101e+02   5.5196242e+02   5.0084716e+02   3.4921246e+02   1.5247082e+02   8.1514962e+01   6.0782480e+01   5.1374441e+01   3.7218865e+01   2.9705639e+01
   2.7896691e+06   1.1991534e+04   1.0545914e+04   8.5884224e+03   5.1917783e+03   5.1294091e+03   4.2145688e+03   3.3081423e+03   2.3362090e+03   2.3749402e+03   2.7552190e+03   1.7922591e+03   1.3339993e+03   1.2256756e+03   8.9497719e+02   6.8672127e+02   5.9366420e+02   5.1006936e+02   3.0921748e+02   1.5468707e+02   9.2369338e+01   8.0571223e+01   6.4988559e+01   4.9961671e+01   4.7777792e+01
   2.7689928e+06   1.3982912e+04   1.2896017e+04   6.1376913e+03   3.7469799e+03   4.6788410e+03   3.4584597e+03   2.8070115e+03   2.4915153e+03   1.8054625e+03   1.6343661e+03   1.2127275e+03   1.3086605e+03   1.0750275e+03   7.0157260e+02   6.9128486e+02   4.9949874e+02   4.1585293e+02   3.2246039e+02   1.8246446e+02   1.4365079e+02   7.7440212e+01   6.0508303e+01   5.4724769e+01   5.4219538e+01
   2.7647535e+06   1.1923911e+04   1.1203701e+04   7.5219896e+03   6.3123139e+03   4.1066895e+03   3.2930447e+03   3.2738349e+03   2.8304927e+03   1.5626353e+03   1.4428503e+03   1.6788586e+03   1.4794744e+03   1.2688633e+03   9.2060911e+02   7.1842313e+02   5.5477236e+02   3.5889121e+02   2.4524137e+02   1.6592752e+02   8.1483538e+01   4.9803545e+01   3.2176831e+01   2.7369983e+01   2.4532595e+01
   2.7668572e+06   8.6148500e+03   1.1112926e+04   8.2199364e+03   4.4777153e+03   4.5122553e+03   4.8964143e+03   3.4352243e+03   2.8438402e+03   2.5089594e+03   1.9055100e+03   1.5156803e+03   1.4863739e+03   1.3005543e+03   1.0246722e+03   6.7410762e+02   5.3939575e+02   4.2194617e+02   2.9954725e+02   1.6426038e+02   6.2424120e+01   4.5021724e+01   2.6005776e+01   1.4351343e+01   8.8902674e+00
   2.7786158e+06   1.5862511e+04   1.1739879e+04   7.6565910e+03   4.2502487e+03   3.7077159e+03   3.3566735e+03   2.9557558e+03   2.1417356e+03   1.6053956e+03   1.6288921e+03   1.3663927e+03   1.3196035e+03   1.0736439e+03   7.6914725e+02   7.2192584e+02   5.0023321e+02   2.9235447e+02   1.8790380e+02   1.5284217e+02   7.9339792e+01   3.6792545e+01   2.7627210e+01   2.0006739e+01   9.4135280e+00
   2.7694328e+06   1.0340348e+04   1.0020506e+04   6.6121464e+03   5.0109616e+03   4.5342627e+03   3.5536606e+03   3.1206293e+03   2.8766683e+03   2.2227264e+03   1.9855563e+03   1.4786152e+03   1.0693316e+03   1.0530454e+03   6.7796300e+02   5.1693200e+02   3.5402646e+02   1.9304371e+02   1.2369960e+02   9.2674512e+01   5.8367215e+01   4.1200195e+01   1.9384233e+01   1.3771347e+01   9.5730847e+00
   2.7684330e+06   1.0381021e+04   5.8127815e+03   2.8620043e+03   2.8505330e+03   2.6828379e+03   2.4875142e+03   2.1532045e+03   1.8855148e+03   2.0197513e+03   1.9324989e+03   1.4272736e+03   1.0832141e+03   1.0570755e+03   8.3015793e+02   6.0735811e+02   4.4471174e+02   2.5172861e+02   1.4756259e+02   1.1476925e+02   7.8636480e+01   3.8032655e+01   1.9982556e+01   1.6998271e+01   1.8753482e+01
   2.7679528e+06   4.8588440e+03   5.2309157e+03   4.6721025e+03   3.1715774e+03   3.3705487e+03   2.8528407e+03   2.8735695e+03   2.4109298e+03   1.4316232e+03   1.2889695e+03   1.2803969e+03   1.3247281e+03   1.0118736e+03   7.9744645e+02   8.9579416e+02   6.7930062e+02   4.0580136e+02   2.6728664e+02   1.6665631e+02   8.1231607e+01   5.9075613e+01   2.8928513e+01   1.0761193e+01   2.7699174e+00
   2.7822911e+06   7.5027084e+03   7.6031944e+03   4.9008986e+03   3.7960427e+03   2.4569222e+03   3.2321719e+03   4.4114110e+03   3.4046995e+03   2.4274084e+03   2.7669788e+03   2.6528657e+03   2.3658012e+03   1.9898709e+03   1.1030756e+03   8.9172098e+02   8.8207167e+02   7.6821148e+02   5.0252414e+02   2.3379699e+02   1.3708282e+02   9.1196235e+01   5.3176213e+01   3.0881308e+01   2.7091742e+01
   2.7868213e+06   8.7088542e+03   6.9974349e+03   5.8600668e+03   4.8024388e+03   4.7332868e+03   4.3994861e+03   4.0507709e+03   3.0603257e+03   2.3594700e+03   2.5822643e+03   1.9892271e+03   1.8101484e+03   1.4170576e+03   9.6556631e+02   9.4384641e+02   7.6638614e+02   5.5346439e+02   3.3635964e+02   1.6617777e+02   1.2334548e+02   7.7459585e+01   3.2788266e+01   1.3429167e+01   5.9607474e+00
   2.7639339e+06   4.0569600e+03   3.3860787e+03   2.6233530e+03   2.1435584e+03   2.0397143e+03   2.0706236e+03   2.1460093e+03   2.1079362e+03   2.2190555e+03   1.7039109e+03   1.2517800e+03   1.1124640e+03   1.0031028e+03   9.1102195e+02   6.2689581e+02   4.4247953e+02   3.5510575e+02   2.7235117e+02   1.6491610e+02   1.0328464e+02   8.3247142e+01   6.6106927e+01   5.6325412e+01   5.2226649e+01
   2.7437280e+06   2.5634343e+03   2.3365286e+03   2.1009093e+03   1.7478130e+03   1.7525966e+03   1.6292877e+03   1.5133218e+03   1.4643453e+03   1.2633527e+03   1.0100086e+03   7.2316848e+02   6.7685122e+02   6.9178177e+02   5.7376531e+02   4.9830258e+02   3.4459632e+02   1.6346010e+02   1.6239775e+02   1.2611752e+02   8.4506818e+01   7.7202798e+01   7.0520909e+01   6.8105804e+01   6.7163378e+01
   2.7265742e+06   4.7912376e+03   4.2797616e+03   3.6760889e+03   2.5128532e+03   2.2445869e+03   2.0255037e+03   1.8017876e+03   1.9495955e+03   2.0099047e+03   1.4737160e+03   9.5269773e+02   9.3415794e+02   9.0641905e+02   5.4644972e+02   3.7544455e+02   3.7880704e+02   2.8494106e+02   1.8307671e+02   1.3125999e+02   9.0288768e+01   4.6114975e+01   3.9675230e+01   3.5022959e+01   3.2844579e+01
   2.7234052e+06   5.2739932e+03   4.5698241e+03   2.2855959e+03   1.7572815e+03   1.9457693e+03   1.9549449e+03   2.8294526e+03   4.4285223e+03   5.3025933e+03   3.5980226e+03   1.7613589e+03   1.2842032e+03   9.8637214e+02   8.0245005e+02   6.7023595e+02   5.7880449e+02   4.1158102e+02   3.0478335e+02   1.8450868e+02   8.5101170e+01   4.2636825e+01   2.1252116e+01   9.6139756e+00   7.4941617e+00
   2.7147130e+06   4.5464790e+03   3.9083704e+03   2.4346296e+03   1.9852006e+03   1.7890145e+03   1.3800804e+03   1.4037786e+03   1.2246174e+03   1.1411930e+03   1.0858320e+03   7.9686578e+02   7.8738288e+02   5.6257572e+02   3.0453469e+02   2.0761225e+02   1.7074777e+02   1.5535805e+02   1.3297383e+02   9.2048880e+01   6.7378797e+01   6.9959555e+01   6.9004346e+01   6.7722489e+01   6.8984293e+01
   2.7111934e+06   5.0163096e+03   4.6071092e+03   4.8559652e+03   5.0632519e+03   3.9706520e+03   4.1074759e+03   3.2881310e+03   2.6577063e+03   2.5919520e+03   2.2554579e+03   1.8335811e+03   1.7818375e+03   1.6136431e+03   8.2769854e+02   5.1731078e+02   4.3982356e+02   3.2095231e+02   2.2085018e+02   1.7326995e+02   8.5769636e+01   3.3244449e+01   2.2172275e+01   1.0915807e+01   6.1403225e+00
   2.7087630e+06   4.1306604e+03   3.4613816e+03   3.3237737e+03   2.7627892e+03   1.6745036e+03   1.1460364e+03   1.1493685e+03   1.7424401e+03   1.7583717e+03   1.0915531e+03   9.5739180e+02   9.1529671e+02   7.8380688e+02   5.5166203e+02   4.6443650e+02   4.6330565e+02   3.4559883e+02   2.1471417e+02   1.2987911e+02   1.0965464e+02   5.1876652e+01   4.0846769e+01   4.9497134e+01   4.6054281e+01
   2.7040369e+06   2.8429975e+03   2.7871874e+03   3.0059759e+03   2.2905796e+03   1.3046393e+03   8.3146107e+02   9.1987141e+02   1.0700706e+03   1.1996024e+03   1.1835334e+03   6.6638176e+02   4.4158967e+02   7.5761929e+02   6.9082762e+02   4.3745043e+02   3.3823531e+02   2.2383524e+02   1.8275711e+02   1.0138363e+02   5.2050324e+01   4.1057451e+01   4.1635300e+01   3.6591640e+01   3.7047344e+01
   2.6885723e+06   4.6715521e+03   3.3952727e+03   2.2613458e+03   1.8967828e+03   2.0329527e+03   1.9856461e+03   1.5020739e+03   1.4214720e+03   1.2437222e+03   1.1535600e+03   1.0743387e+03   8.6779763e+02   8.6983474e+02   7.9760582e+02   5.4095082e+02   3.2208280e+02   2.3380534e+02   1.5034716e+02   7.8869905e+01   4.8715501e+01   5.8539010e+01   6.3027456e+01   5.6634683e+01   6.2273858e+01
   2.6648390e+06   2.0802305e+03   1.5359546e+03   1.4011185e+03   9.8312244e+02   8.4788975e+02   9.2537617e+02   8.9143507e+02   8.3159969e+02   6.7020064e+02   5.1499830e+02   3.9627615e+02   3.2269662e+02   3.5248887e+02   2.9117374e+02   1.8718382e+02   1.4144471e+02   1.2772768e+02   9.4257530e+01   5.2816528e+01   4.0115007e+01   3.9047689e+01   3.3659591e+01   3.0050451e+01   2.8903508e+01
   2.6635742e+06   2.3984088e+03   1.7576917e+03   1.4334046e+03   1.2000785e+03   1.0609228e+03   9.2630299e+02   8.1071662e+02   7.0143452e+02   7.1590312e+02   5.0631782e+02   3.8584785e+02   3.1555003e+02   2.8127780e+02   2.5192399e+02   2.0022582e+02   1.6800803e+02   1.0532577e+02   6.9711750e+01   4.6407560e+01   3.3337906e+01   2.5978347e+01   1.3635968e+01   5.7502704e+00   3.7102319e+00
   2.6594789e+06   1.4235756e+03   1.1931655e+03   1.1790356e+03   9.4393749e+02   8.9060764e+02   7.4643792e+02   8.6021255e+02   8.6249959e+02   7.2033150e+02   6.5583161e+02   5.0329752e+02   4.5184526e+02   4.8690041e+02   4.4079339e+02   2.8434843e+02   2.0199983e+02   1.2675797e+02   9.4603136e+01   7.0115836e+01   4.6166246e+01   2.8527485e+01   1.5158709e+01   1.5512633e+01   1.2888722e+01
   2.6576952e+06   1.8074248e+03   1.7323988e+03   1.7176799e+03   1.2431549e+03   1.0248676e+03   1.0423715e+03   9.7648931e+02   8.0555688e+02   5.9253858e+02   5.0183727e+02   4.3841673e+02   3.1736305e+02   2.5530612e+02   2.1694796e+02   2.1572797e+02   2.2721000e+02   1.5980764e+02   7.9986992e+01   4.5567750e+01   3.1706649e+01   1.8739520e+01   1.1686582e+01   1.0905575e+01   1.0916088e+01
   2.6614831e+06   1.4228954e+03   1.4460846e+03   1.1800876e+03   7.3935183e+02   7.4501571e+02   8.5547570e+02   8.4669427e+02   7.4705832e+02   5.5467788e+02   3.7996185e+02   3.2816712e+02   4.1362907e+02   3.8991053e+02   2.3810629e+02   1.8287022e+02   1.7836325e+02   1.4781015e+02   8.6940559e+01   5.3557174e+01   4.0712351e+01   2.4767173e+01   1.2353595e+01   7.7804986e+00   7.5617521e+00
   2.6588970e+06   3.0756528e+03   3.1541111e+03   2.0821378e+03   1.2910569e+03   1.0321760e+03   7.6804010e+02   7.8701833e+02   7.3507033e+02   7.4933851e+02   5.4186769e+02   3.5428989e+02   5.0630279e+02   5.1005178e+02   3.8216592e+02   2.8852877e+02   1.8610791e+02   1.2364124e+02   1.0780172e+02   5.5211206e+01   4.0971218e+01   3.1422633e+01   2.2220234e+01   2.0927366e+01   2.0484539e+01
   2.6470177e+06   2.0752399e+03   1.9961210e+03   1.5213493e+03   8.6511186e+02   9.2769822e+02   8.0474635e+02   6.7982054e+02   6.1364293e+02   4.6954692e+02   4.2824471e+02   4.5280090e+02   3.5881096e+02   3.2972797e+02   2.4734376e+02   1.9561357e+02   1.6182005e+02   1.2054368e+02   1.1536804e+02   8.8332458e+01   4.7459690e+01   2.6920924e+01   1.9932781e+01   1.9361276e+01   1.8376816e+01
   2.6510403e+06   2.6659597e+03   2.6718085e+03   2.1218983e+03   1.2244859e+03   9.9980925e+02   1.0748703e+03   8.0142084e+02   7.1575884e+02   7.6093308e+02   5.5996098e+02   4.6740801e+02   5.5544970e+02   4.8102204e+02   3.5088724e+02   2.7424010e+02   1.6520688e+02   1.1106447e+02   1.0345132e+02   6.9123628e+01   4.1742712e+01   2.5471108e+01   9.1533156e+00   3.4236054e+00   2.5345356e+00
   2.6491888e+06   3.2822856e+03   2.6286812e+03   1.5142076e+03   1.0786765e+03   1.0031937e+03   1.1674510e+03   1.0299847e+03   9.2823986e+02   6.8018343e+02   3.4476146e+02   3.1862849e+02   3.4783123e+02   2.3569977e+02   1.9316264e+02   2.1995518e+02   1.6240571e+02   1.0968762e+02   1.0083379e+02   7.6790049e+01   3.9842576e+01   2.4354431e+01   1.2437651e+01   6.8275743e+00   2.4319689e+00
   2.6480241e+06   2.6415492e+03   2.3611812e+03   1.6832946e+03   9.3490426e+02   9.9575525e+02   9.5213923e+02   7.0480819e+02   5.8877718e+02   7.8132269e+02   7.4904835e+02   4.5878300e+02   2.8177005e+02   3.3603664e+02   4.0765940e+02   3.6236834e+02   2.4175069e+02   1.4209746e+02   1.1909128e+02   9.2003678e+01   6.2335741e+01   2.4970981e+01   9.0143032e+00   5.1040723e+00   2.0462284e+00
   2.6498484e+06   2.7666767e+03   2.0889860e+03   1.2854753e+03   9.8251612e+02   8.6023552e+02   7.9321803e+02   7.4441432e+02   6.4135312e+02   5.7928686e+02   4.4630402e+02   3.0135547e+02   3.4908601e+02   4.2389771e+02   3.5438954e+02   2.3653478e+02   1.8071779e+02   1.6123022e+02   8.9572767e+01   6.4385830e+01   4.5448787e+01   2.5539966e+01   1.3075564e+01   7.9260063e+00   5.4558522e+00
   2.6500809e+06   3.0536010e+03   2.3035699e+03   2.1255751e+03   1.5940657e+03   1.0532627e+03   6.3557256e+02   6.1288078e+02   7.1919544e+02   6.5334713e+02   5.4354195e+02   4.4533175e+02   4.0816219e+02   3.9936345e+02   3.6803577e+02   2.6928965e+02   1.8038963e+02   1.1679250e+02   8.0333552e+01   6.4468171e+01   4.9450073e+01   2.3054688e+01   8.7932386e+00   6.1403145e+00   4.1503126e+00
   2.6506487e+06   1.9740993e+03   2.1672769e+03   1.8389095e+03   1.3283816e+03   1.0549333e+03   9.5702835e+02   8.6142925e+02   8.1557459e+02   6.7256993e+02   4.4185067e+02   4.0221507e+02   4.5975702e+02   4.5675684e+02   3.2409058e+02   1.7394042e+02   1.1508108e+02   9.4411616e+01   5.4310198e+01   5.0911867e+01   3.3444966e+01   2.1801235e+01   1.3298084e+01   9.4246829e+00   9.1891902e+00
   2.6567790e+06   2.6597313e+03   2.1888770e+03   1.7706511e+03   1.3307629e+03   1.2280780e+03   1.0456272e+03   8.5649189e+02   7.3704009e+02   4.8861069e+02   4.1618107e+02   3.8266310e+02   3.0653077e+02   3.2880803e+02   2.5298224e+02   1.7693960e+02   1.6544487e+02   1.1737324e+02   7.2709859e+01   4.2923704e+01   3.3748655e+01   1.9494458e+01   1.0176694e+01   1.0540774e+01   9.3305378e+00
   2.6579051e+06   1.5948088e+03   1.5067628e+03   1.5160706e+03   9.1410349e+02   7.5671569e+02   7.8339768e+02   7.8050380e+02   7.3079371e+02   6.5833399e+02   6.4860622e+02   4.2827882e+02   3.2288104e+02   2.6898599e+02   1.5523537e+02   1.3029306e+02   1.3928098e+02   9.5811240e+01   7.7354551e+01   5.0851315e+01   2.8403257e+01   1.8285836e+01   9.9897108e+00   6.8592614e+00   4.8514081e+00
   2.6608459e+06   2.3842170e+03   2.1990529e+03   1.4875116e+03   1.0795632e+03   1.0954341e+03   8.7091135e+02   6.8565533e+02   5.9691904e+02   4.4928176e+02   4.5337239e+02   3.7665181e+02   4.0734137e+02   4.1265097e+02   2.9949244e+02   2.6699951e+02   1.8675141e+02   1.2304612e+02   1.0976235e+02   6.3310659e+01   3.2390812e+01   1.9092849e+01   8.4290234e+00   6.9440456e+00   6.7690780e+00
   2.6604312e+06   2.2608286e+03   1.8231070e+03   1.1808433e+03   6.7802958e+02   7.1374818e+02   9.0182177e+02   9.7035706e+02   6.5742553e+02   5.9119882e+02   6.3364964e+02   4.4145676e+02   3.3472637e+02   2.8741065e+02   2.4263477e+02   2.1512986e+02   1.8828246e+02   1.3705184e+02   1.0267157e+02   8.1186345e+01   4.1699952e+01   2.3298841e+01   1.4643321e+01   1.0339962e+01   8.8770008e+00
   2.6604778e+06   2.4423359e+03   1.9882528e+03   1.5733534e+03   1.0556719e+03   1.2287381e+03   8.9127796e+02   5.2777613e+02   5.3726460e+02   6.7780848e+02   7.2479215e+02   5.3812415e+02   4.2882634e+02   3.2488857e+02   2.2952116e+02   1.7375022e+02   1.4933236e+02   1.3215013e+02   8.9024313e+01   5.9052675e+01   3.5029060e+01   2.0206673e+01   1.4024396e+01   1.2024253e+01   1.0873981e+01
   2.6610625e+06   2.7201315e+03   1.9897317e+03   1.5886613e+03   1.1140572e+03   1.0693889e+03   6.5771891e+02   5.4471496e+02   6.1390770e+02   6.8017121e+02   5.8788214e+02   3.7325266e+02   3.0769163e+02   2.8503132e+02   2.7584011e+02   2.6640699e+02   1.6915005e+02   1.4339040e+02   1.3001444e+02   1.0233214e+02   5.7696548e+01   2.9997414e+01   1.7859483e+01   1.1129482e+01   6.8944600e+00
   2.6609162e+06   2.5272907e+03   1.8549719e+03   1.1223164e+03   7.6508938e+02   7.1364651e+02   7.3104497e+02   9.0648864e+02   7.2274357e+02   5.6035391e+02   5.4905889e+02   3.6649471e+02   3.8815786e+02   3.9714173e+02   2.6380568e+02   2.2972383e+02   1.7258550e+02   1.1959168e+02   7.2016977e+01   6.4233995e+01   5.0911216e+01   3.2709855e+01   2.7092578e+01   2.3193540e+01   2.2077194e+01
   2.6574934e+06   3.0098143e+03   2.3202437e+03   1.6690527e+03   1.1412906e+03   1.0305130e+03   8.4372183e+02   6.7134603e+02   8.4802824e+02   7.6826416e+02   6.1535489e+02   3.5350881e+02   3.1512249e+02   3.7633387e+02   2.5651155e+02   2.1777428e+02   1.7917487e+02   8.8757381e+01   6.1714769e+01   5.9373160e+01   3.4870190e+01   2.3987891e+01   2.1908396e+01   1.6069926e+01   1.5238626e+01
   2.6670465e+06   1.7531504e+03   1.7986276e+03   1.7083398e+03   1.3955884e+03   1.0631646e+03   7.0895244e+02   6.1453268e+02   5.9243774e+02   6.4628876e+02   6.0980895e+02   4.2751905e+02   3.1505543e+02   3.3333826e+02   3.2116295e+02   2.0997762e+02   1.2366294e+02   9.3790200e+01   7.4174717e+01   5.4864052e+01   3.9577070e+01   3.4551277e+01   2.5676650e+01   2.0104514e+01   1.9098807e+01
   2.6695989e+06   2.8442520e+03   2.1703614e+03   1.9829101e+03   1.2282122e+03   7.2329592e+02   6.9623264e+02   8.6193755e+02   8.0963327e+02   6.3686771e+02   6.9147037e+02   5.2292942e+02   4.0407582e+02   3.1869719e+02   2.4289116e+02   2.8740741e+02   2.2880101e+02   1.4459383e+02   9.8496177e+01   6.5401318e+01   2.8393387e+01   1.9449967e+01   1.3839248e+01   6.8158579e+00   4.9937249e+00
   2.6720117e+06   3.0179178e+03   2.1811832e+03   1.4754362e+03   1.2195066e+03   1.1122127e+03   1.3007445e+03   1.2497680e+03   8.5358987e+02   6.8898880e+02   5.9822539e+02   3.7443555e+02   2.8014068e+02   2.9759531e+02   2.9735182e+02   1.9186250e+02   1.2047376e+02   1.1877627e+02   9.9629297e+01   7.1542493e+01   4.1344076e+01   1.9895919e+01   1.3149045e+01   9.1009304e+00   9.5948655e+00
   2.6731600e+06   3.0675750e+03   2.1518731e+03   1.4794813e+03   1.1366233e+03   9.1054299e+02   8.9219118e+02   9.0599552e+02   8.6091616e+02   6.8322182e+02   4.4631171e+02   3.9461208e+02   3.3528686e+02   2.9597106e+02   2.7057759e+02   2.1459892e+02   1.8279600e+02   1.2898646e+02   9.7883686e+01   6.9928412e+01   3.0757180e+01   2.5366794e+01   1.3153282e+01   5.6767630e+00   3.0894853e+00
   2.6765860e+06   2.5881827e+03   2.2466999e+03   1.8689337e+03   1.1903466e+03   1.0799510e+03   1.1103128e+03   7.9456380e+02   6.9357733e+02   7.6554663e+02   5.5296490e+02   3.9029900e+02   3.5394661e+02   3.4284756e+02   2.2461086e+02   2.2641569e+02   1.9488295e+02   1.1624700e+02   8.6789639e+01   5.1306080e+01   3.3357181e+01   2.9296806e+01   2.2323491e+01   1.8916659e+01   1.7268249e+01
   2.6807627e+06   1.7476347e+03   1.8495706e+03   1.5787142e+03   1.0572116e+03   9.3793983e+02   8.8732124e+02   7.2089357e+02   6.5255911e+02   5.7838683e+02   3.8554763e+02   3.8581341e+02   4.4269005e+02   4.0923544e+02   3.8286908e+02   2.4261083e+02   1.3083766e+02   1.0431961e+02   7.5818791e+01   4.6259825e+01   3.5101913e+01   2.3919495e+01   1.4837144e+01   9.7351761e+00   9.0287954e+00
   2.6811836e+06   2.2835191e+03   1.8031062e+03   1.3269406e+03   7.2386348e+02   6.7196724e+02   8.1643361e+02   8.7694142e+02   7.3059189e+02   5.0878544e+02   4.1783089e+02   3.9339180e+02   3.8127113e+02   2.9389572e+02   1.7466068e+02   1.3021701e+02   1.2665785e+02   8.4731339e+01   7.0437514e+01   5.7709370e+01   3.7185876e+01   2.2856219e+01   2.6437138e+01   2.4814623e+01   2.2170110e+01
   2.6958401e+06   2.0204080e+03   1.5796431e+03   1.3732456e+03   1.1616269e+03   9.4051536e+02   8.8132244e+02   9.3633927e+02   7.4251537e+02   6.6348052e+02   6.0076425e+02   4.3229053e+02   3.6638774e+02   3.1358044e+02   2.7109506e+02   1.9392923e+02   1.5157860e+02   1.0624546e+02   8.1869173e+01   8.0579332e+01   5.8844210e+01   3.9630527e+01   4.0851190e+01   3.8184146e+01   3.6810136e+01
   2.7034626e+06   2.5890400e+03   2.7746170e+03   1.6319186e+03   9.3010463e+02   1.2047309e+03   1.1209647e+03   7.8676386e+02   7.7966224e+02   8.0712843e+02   5.0747353e+02   3.5177428e+02   3.4397823e+02   2.7342316e+02   2.3258555e+02   2.3441553e+02   1.7515586e+02   1.0763591e+02   7.6380106e+01   5.8557725e+01   4.3987215e+01   2.4710034e+01   1.2977493e+01   1.1278022e+01   1.1439621e+01
   2.6905627e+06   3.0134771e+03   2.6291733e+03   1.9683755e+03   1.3370701e+03   9.8011786e+02   7.0269259e+02   5.8022749e+02   4.0829848e+02   4.3399372e+02   5.3859554e+02   4.2986828e+02   4.0473187e+02   3.7603851e+02   2.6173808e+02   2.6118653e+02   2.2480826e+02   1.3450957e+02   7.5357876e+01   5.6621531e+01   4.3168479e+01   2.7650377e+01   2.3173906e+01   1.6047047e+01   1.5032846e+01
   2.6964412e+06   2.6987782e+03   2.0319068e+03   1.2618342e+03   1.5055728e+03   1.5074038e+03   8.6076856e+02   7.0231635e+02   6.6453012e+02   6.0614214e+02   5.2014912e+02   4.1188945e+02   3.3317815e+02   4.4731729e+02   3.8256344e+02   1.9598338e+02   1.5490759e+02   1.3062421e+02   8.5357871e+01   5.2680323e+01   3.4647266e+01   2.1398324e+01   1.1833977e+01   8.7942733e+00   8.5667414e+00
   2.6964675e+06   2.1913347e+03   1.4956630e+03   1.3070342e+03   1.0953611e+03   1.0888577e+03   8.4415579e+02   6.7863788e+02   6.9214492e+02   5.5607697e+02   6.0609447e+02   5.1399148e+02   3.8706632e+02   3.4513581e+02   2.5359185e+02   1.8018668e+02   1.4185691e+02   1.1832679e+02   8.8938940e+01   7.1677950e+01   3.9794129e+01   1.7578269e+01   9.8206426e+00   7.1579312e+00   4.5436079e+00
   2.6973167e+06   2.3455440e+03   2.2230264e+03   1.6576524e+03   1.1223456e+03   8.3944450e+02   7.4268022e+02   8.1604213e+02   6.9294349e+02   5.0046484e+02   4.9754741e+02   4.3282681e+02   3.3108084e+02   2.7839109e+02   1.8829396e+02   1.4847625e+02   1.4188199e+02   9.9599458e+01   7.2904487e+01   4.9189367e+01   2.7358028e+01   1.3728987e+01   5.7422205e+00   5.0387850e+00   3.4024774e+00
   2.6976942e+06   1.7516522e+03   1.7229763e+03   1.4148113e+03   1.2266252e+03   9.7535077e+02   7.6812376e+02   6.8863687e+02   5.4432907e+02   3.6347502e+02   3.2622409e+02   3.8256936e+02   3.8493951e+02   3.2678839e+02   2.6763343e+02   1.8358007e+02   1.3114626e+02   1.1645161e+02   8.7051690e+01   6.0923783e+01   4.4937013e+01   2.4369854e+01   1.1941984e+01   1.0123685e+01   9.0159617e+00
   2.7008306e+06   1.4461907e+03   1.5839829e+03   1.3249876e+03   1.1151411e+03   1.0489517e+03   1.0162778e+03   8.5519570e+02   7.2018179e+02   6.3029138e+02   4.1709759e+02   3.2184768e+02   3.2083378e+02   2.3779302e+02   2.4460664e+02   2.3837796e+02   1.6071923e+02   1.0789470e+02   7.5055872e+01   4.0149405e+01   2.7720699e+01   2.0561847e+01   1.4514974e+01   9.6120869e+00   6.2296891e+00
   2.7036122e+06   2.1385939e+03   1.6339054e+03   1.3132738e+03   9.2289150e+02   1.1063209e+03   9.4263065e+02   6.6011936e+02   5.8576602e+02   5.4772720e+02   5.6357453e+02   3.8720130e+02   3.5950460e+02   3.3626902e+02   2.1231539e+02   2.1169808e+02   1.8569767e+02   1.2373990e+02   9.0866929e+01   5.3254560e+01   3.1262158e+01   1.8337898e+01   1.3040430e+01   6.3828760e+00   4.3808805e+00
   2.7023826e+06   1.4936685e+03   1.6600078e+03   1.4263538e+03   8.1169107e+02   1.0134756e+03   8.4255293e+02   6.8076479e+02   4.8856545e+02   3.8312433e+02   3.4066982e+02   2.6850984e+02   2.7394219e+02   2.0399251e+02   1.4976792e+02   1.6509686e+02   1.9416524e+02   1.4807068e+02   1.0192127e+02   5.9549460e+01   2.7324907e+01   2.1011897e+01   2.0215583e+01   1.6212031e+01   1.5954220e+01
   2.7103029e+06   2.5283951e+03   1.8953503e+03   1.5192946e+03   8.3671571e+02   8.0807205e+02   7.6014529e+02   7.6691692e+02   8.2017717e+02   6.0505243e+02   4.1059536e+02   4.3546241e+02   4.4913084e+02   2.8182131e+02   1.9769604e+02   1.3963835e+02   1.2513696e+02   9.1679600e+01   5.4728928e+01   4.8164829e+01   3.2529224e+01   2.1951236e+01   1.5835384e+01   1.2858619e+01   1.2546638e+01
   2.7055163e+06   3.2130830e+03   1.8331780e+03   1.2560605e+03   1.0600654e+03   1.1970054e+03   1.0694315e+03   9.7259779e+02   8.8333900e+02   6.3302012e+02   5.1634121e+02   3.4787716e+02   3.0882039e+02   3.1467538e+02   2.6781352e+02   2.2213155e+02   1.7650503e+02   1.4713842e+02   1.2248744e+02   7.7422561e+01   6.7661764e+01   7.0466963e+01   6.1014702e+01   5.8493642e+01   5.7690564e+01
   2.6955703e+06   3.4143369e+03   3.2445802e+03   2.0329674e+03   1.4215509e+03   1.1713862e+03   9.2327470e+02   9.8753979e+02   7.9562131e+02   6.2043393e+02   5.8901342e+02   3.7140085e+02   4.7101758e+02   4.4754209e+02   3.1334441e+02   3.7313768e+02   2.9314097e+02   1.7244616e+02   8.1846989e+01   5.6355346e+01   4.6573303e+01   2.8089656e+01   1.1616984e+01   1.1135634e+01   1.0281407e+01
   2.6987714e+06   2.4355585e+03   1.4805116e+03   1.3497530e+03   1.2353717e+03   1.3081589e+03   1.1693888e+03   9.3028844e+02   6.7075365e+02   5.0192663e+02   4.9436578e+02   5.6960187e+02   5.1687662e+02   4.2887871e+02   2.8621918e+02   2.0375235e+02   1.8648762e+02   1.1326507e+02   6.9916125e+01   4.4781911e+01   3.4976744e+01   3.9771499e+01   3.8834301e+01   3.4828763e+01   3.3136250e+01
   2.6993139e+06   2.3265723e+03   1.7764978e+03   1.7219069e+03   1.3435312e+03   1.0240005e+03   8.9054283e+02   5.3284597e+02   6.2170744e+02   5.5443151e+02   4.6061314e+02   4.0885774e+02   2.7383563e+02   2.2608514e+02   2.5042468e+02   2.3393070e+02   1.8597011e+02   1.3847857e+02   6.5698088e+01   3.6723047e+01   3.3390057e+01   1.7514907e+01   9.0800568e+00   4.5825015e+00   2.0540374e+00
   2.7003905e+06   1.9485520e+03   1.9957488e+03   1.8228761e+03   1.1070376e+03   9.6111746e+02   8.7647469e+02   7.1082079e+02   6.4233593e+02   6.6159641e+02   6.9898012e+02   4.9333141e+02   4.0888600e+02   3.5898795e+02   2.7911856e+02   2.4581599e+02   1.7962364e+02   1.2784144e+02   7.2131540e+01   3.8673438e+01   2.6668050e+01   1.9087336e+01   9.2067543e+00   5.4356302e+00   2.6761116e+00
   2.6987659e+06   2.1145207e+03   1.8521639e+03   1.4330123e+03   9.3605386e+02   9.9638852e+02   9.1130530e+02   9.3792203e+02   9.4324660e+02   6.8085854e+02   5.7506595e+02   3.7407248e+02   3.6371234e+02   3.7945058e+02   2.6340733e+02   2.4331516e+02   1.4037929e+02   9.1166956e+01   7.9124602e+01   4.5077915e+01   3.6113544e+01   1.8251497e+01   1.0812237e+01   9.4420464e+00   9.7210399e+00
   2.6969441e+06   2.3207778e+03   2.1042982e+03   1.8570752e+03   1.2993545e+03   9.3310744e+02   9.0886741e+02   8.3742497e+02   7.8927982e+02   6.1989739e+02   5.8246248e+02   5.0713830e+02   3.9020728e+02   3.0417682e+02   2.1228162e+02   1.6221266e+02   1.2845807e+02   1.1240335e+02   1.0265674e+02   7.0633582e+01   3.3156696e+01   1.8365743e+01   1.0470635e+01   6.3386794e+00   4.8089390e+00
   2.6964407e+06   2.0811458e+03   1.9720730e+03   1.6499322e+03   9.3667581e+02   9.0054783e+02   9.5494204e+02   9.7277121e+02   8.1961976e+02   4.8466585e+02   4.1862585e+02   3.6900049e+02   2.6907523e+02   2.9817476e+02   2.7563172e+02   2.1181516e+02   1.8633205e+02   1.3887732e+02   9.8446003e+01   5.8220205e+01   3.2306443e+01   3.2759256e+01   3.7081549e+01   2.9849198e+01   2.7403542e+01
   2.6894993e+06   2.8369789e+03   2.0747964e+03   2.0053545e+03   1.4041244e+03   9.5269037e+02   9.2200650e+02   7.3674610e+02   4.6482995e+02   3.8935038e+02   4.4923210e+02   4.7668606e+02   3.9779549e+02   3.6365367e+02   3.3084145e+02   2.4814436e+02   1.7089269e+02   1.0864542e+02   6.9367904e+01   4.2567530e+01   3.2626638e+01   2.3183017e+01   1.4449680e+01   1.0536714e+01   1.1200068e+01
   2.6922696e+06   1.9093518e+03   1.5981387e+03   1.7863562e+03   1.1716157e+03   1.0499788e+03   1.1191760e+03   8.8117299e+02   7.4087038e+02   7.4731043e+02   5.4501227e+02   3.7043221e+02   3.5051925e+02   2.7019829e+02   2.8213143e+02   2.9776801e+02   1.8545737e+02   1.0813120e+02   7.9989186e+01   5.9967772e+01   4.5713745e+01   3.2402054e+01   2.2179301e+01   2.3012324e+01   1.9892599e+01
   2.6877672e+06   1.9781125e+03   1.6363996e+03   1.2751152e+03   1.1002142e+03   1.2209287e+03   1.0907924e+03   6.8015388e+02   6.7337241e+02   6.8334344e+02   4.8270216e+02   4.5284511e+02   4.2237372e+02   3.4148435e+02   2.7773137e+02   2.0579201e+02   1.6804253e+02   1.2342517e+02   9.0239938e+01   5.6597624e+01   3.2202751e+01   2.7591600e+01   2.1023983e+01   1.7021300e+01   1.6828621e+01
   2.6848531e+06   2.3402479e+03   1.7650899e+03   1.5992024e+03   1.2838763e+03   9.9799727e+02   6.9808994e+02   5.2807787e+02   6.2380273e+02   6.2120613e+02   4.1768220e+02   3.6877158e+02   3.7500965e+02   2.5832077e+02   2.0725660e+02   1.8413401e+02   1.3406201e+02   9.3563818e+01   6.9261012e+01   5.7189346e+01   3.1079216e+01   2.0308882e+01   1.4045651e+01   1.0458363e+01   8.3103982e+00
   2.6800038e+06   1.9768169e+03   1.5587938e+03   1.7699515e+03   1.5026003e+03   1.1568370e+03   9.0771257e+02   8.4403341e+02   5.8995353e+02   6.8883498e+02   6.5371711e+02   3.5851983e+02   2.2797779e+02   1.9203242e+02   2.6209061e+02   2.5307157e+02   1.6601869e+02   1.2020754e+02   9.1485309e+01   6.7602984e+01   3.8857724e+01   2.1484738e+01   1.5839542e+01   1.1363383e+01   8.3505036e+00
   2.6735473e+06   2.5214417e+03   1.3079575e+03   9.0933352e+02   7.9604690e+02   9.2293331e+02   8.7310619e+02   7.5289264e+02   7.6146944e+02   7.5390690e+02   6.3230322e+02   5.0798583e+02   4.2551232e+02   3.4009455e+02   2.2567786e+02   1.5859103e+02   1.4389148e+02   1.1775794e+02   7.7705885e+01   5.0170308e+01   4.1068106e+01   2.9845911e+01   2.1960595e+01   2.3819559e+01   2.2327746e+01
   2.6685524e+06   2.6315427e+03   1.4281024e+03   1.6777056e+03   1.4532778e+03   1.4846004e+03   1.4485539e+03   1.0439265e+03   7.4351066e+02   6.7041049e+02   5.6140375e+02   3.5905684e+02   3.7207570e+02   4.1694035e+02   3.5150626e+02   2.7659043e+02   2.0600608e+02   1.5031052e+02   8.3322265e+01   5.7730985e+01   3.1838932e+01   2.2810055e+01   1.8493573e+01   1.5914406e+01   1.6939976e+01
   2.6619874e+06   2.1348225e+03   1.6881336e+03   1.6336785e+03   1.0507455e+03   9.9303553e+02   8.7814611e+02   7.2107050e+02   5.9262685e+02   5.3641706e+02   4.7799568e+02   3.9458285e+02   4.1702241e+02   3.9095889e+02   2.3923637e+02   1.5991991e+02   1.1885063e+02   8.2707232e+01   6.0356691e+01   4.3700853e+01   3.9949905e+01   2.7876450e+01   1.2384918e+01   7.8445416e+00   8.0032559e+00
   2.6585664e+06   2.0665998e+03   1.6091445e+03   1.5164710e+03   1.2908902e+03   9.8684879e+02   7.3143919e+02   6.3741372e+02   5.0350093e+02   5.6261871e+02   5.9860483e+02   4.1304270e+02   3.6999702e+02   3.2842139e+02   2.4789853e+02   1.9494773e+02   1.7598116e+02   1.3446409e+02   8.8396918e+01   5.2822130e+01   3.4288975e+01   3.1401157e+01   2.2738638e+01   2.0651296e+01   2.0345908e+01
   2.6504966e+06   1.4437297e+03   1.5697357e+03   1.8946489e+03   1.4499168e+03   9.7889707e+02   7.7339758e+02   6.1633028e+02   6.7245571e+02   7.5954480e+02   5.9534096e+02   3.2047919e+02   2.9006216e+02   3.0799283e+02   2.7747702e+02   2.1987114e+02   1.7385308e+02   1.4429301e+02   9.8490452e+01   3.8959293e+01   2.6159153e+01   1.7717233e+01   8.8063383e+00   5.5370212e+00   3.7658872e+00
   2.6586038e+06   1.8121708e+03   1.6868498e+03   1.7378714e+03   1.3921184e+03   1.0321169e+03   9.0556409e+02   6.5012825e+02   6.4630835e+02   6.2466846e+02   5.4780000e+02   5.5830186e+02   4.7802682e+02   4.0565817e+02   3.2369297e+02   2.5533656e+02   1.7775415e+02   1.1532399e+02   6.8456391e+01   4.6678368e+01   3.5976086e+01   2.0797315e+01   1.4549106e+01   1.1526530e+01   9.8151824e+00
   2.6582209e+06   2.1559005e+03   1.9246789e+03   1.6495179e+03   1.1538903e+03   1.0550077e+03   1.1189577e+03   8.5356157e+02   6.9985998e+02   7.4750736e+02   6.7107598e+02   4.0107363e+02   3.0307777e+02   2.6829122e+02   1.9838437e+02   2.0757100e+02   1.7283912e+02   1.4539376e+02   1.1255275e+02   6.9241063e+01   4.0957233e+01   2.1827173e+01   1.5897714e+01   1.2528506e+01   1.0531408e+01
   2.6516400e+06   2.1720009e+03   2.3255282e+03   1.7016951e+03   1.1461953e+03   9.6356243e+02   7.9378964e+02   7.6967434e+02   6.8576011e+02   7.0822563e+02   7.7368639e+02   6.1219433e+02   4.8635510e+02   3.7969109e+02   2.6367412e+02   2.7096229e+02   2.0284608e+02   1.3828978e+02   1.0131746e+02   6.5149949e+01   3.7298607e+01   2.0033595e+01   1.7850030e+01   1.4823515e+01   1.4953898e+01
   2.6472455e+06   2.5345189e+03   1.9574835e+03   1.4602363e+03   1.1280840e+03   1.2048547e+03   1.0420956e+03   7.7820568e+02   9.0950561e+02   7.1543087e+02   5.0837237e+02   5.1659139e+02   4.3742386e+02   4.1170808e+02   3.3231764e+02   2.7330060e+02   1.7321457e+02   1.0809660e+02   7.5603400e+01   6.4336439e+01   4.7691429e+01   2.7462642e+01   1.7486547e+01   1.2299265e+01   9.8433638e+00
   2.6468601e+06   2.1883113e+03   1.9439068e+03   1.7226770e+03   9.5497799e+02   8.6398023e+02   1.1509855e+03   9.5645234e+02   8.8826413e+02   9.5894657e+02   7.1300197e+02   4.0490818e+02   3.3764149e+02   3.5770579e+02   2.7950582e+02   2.5232727e+02   2.2676660e+02   1.3908693e+02   9.9174113e+01   7.2873377e+01   4.2186051e+01   3.0554350e+01   1.7866922e+01   5.7509900e+00   3.0787026e+00
   2.6468542e+06   1.6132684e+03   1.8964462e+03   1.8695756e+03   8.7431994e+02   1.0273448e+03   1.1533647e+03   1.0015222e+03   9.7333141e+02   7.3717679e+02   6.3501902e+02   4.9008433e+02   3.2795006e+02   3.4577952e+02   3.2727307e+02   1.9905681e+02   1.5400332e+02   1.0982457e+02   6.8706749e+01   6.0593958e+01   3.8347184e+01   1.7662485e+01   1.1722283e+01   5.9375903e+00   4.5508496e+00
   2.6441299e+06   1.8098471e+03   1.7017513e+03   1.4228257e+03   1.1668764e+03   1.0562380e+03   1.0589213e+03   9.8421729e+02   9.7258400e+02   7.2837627e+02   4.0042490e+02   3.4537473e+02   3.5942674e+02   3.8656320e+02   3.3549627e+02   2.1461933e+02   1.9336693e+02   1.8543323e+02   1.0150242e+02   6.7155967e+01   4.8830087e+01   3.4687805e+01   1.7504891e+01   1.6910346e+01   1.9645426e+01
   2.6401178e+06   3.4176029e+03   2.4041118e+03   1.6310603e+03   1.0725774e+03   1.1330222e+03   1.1439948e+03   8.0481409e+02   5.7361068e+02   5.8553207e+02   6.0079833e+02   5.3202331e+02   3.9488673e+02   4.2654714e+02   3.6826016e+02   1.8504554e+02   1.5179654e+02   1.2496157e+02   7.8129560e+01   6.1320200e+01   5.0607147e+01   3.6517574e+01   1.5918352e+01   1.0848746e+01   9.6827112e+00
   2.6408089e+06   1.7451826e+03   1.4404938e+03   1.2858766e+03   1.1684489e+03   1.0286974e+03   6.7683559e+02   5.7084548e+02   4.9425495e+02   5.6956826e+02   5.6261990e+02   3.8885438e+02   3.6857778e+02   4.1372174e+02   2.7803156e+02   2.1109076e+02   2.0443896e+02   1.6880019e+02   1.0117420e+02   5.9094858e+01   4.1810379e+01   2.1529105e+01   1.1311210e+01   5.6340786e+00   2.1611846e+00
   2.6366651e+06   2.4079077e+03   2.2865348e+03   1.6676633e+03   9.8437793e+02   1.3014889e+03   9.8859365e+02   6.7282247e+02   7.0896324e+02   6.4266630e+02   5.9349059e+02   4.4487741e+02   5.6521050e+02   5.1388492e+02   2.3182162e+02   2.4484958e+02   1.9513891e+02   1.2695739e+02   1.1383121e+02   7.9189750e+01   4.7280058e+01   2.4769445e+01   1.1792155e+01   4.7666114e+00   2.8719622e+00
   2.6383162e+06   1.6457027e+03   1.5290526e+03   1.4429435e+03   1.0212279e+03   1.0646359e+03   1.0807285e+03   7.8651595e+02   6.0819518e+02   4.5445428e+02   6.5589611e+02   6.0621327e+02   3.5566241e+02   3.6940034e+02   3.3910810e+02   2.8212583e+02   2.0271720e+02   1.2514810e+02   8.5990198e+01   5.9870188e+01   3.6241569e+01   1.5543007e+01   1.3850284e+01   1.3554354e+01   1.0574997e+01
   2.6408754e+06   2.6778176e+03   2.3063157e+03   1.9138390e+03   1.1269761e+03   9.1524426e+02   1.0253703e+03   1.0075902e+03   9.5705076e+02   7.5233154e+02   5.6365762e+02   5.1142568e+02   3.6407317e+02   3.6537736e+02   4.0253347e+02   3.4084586e+02   2.7407892e+02   1.8583756e+02   8.5609984e+01   5.4500466e+01   4.1420316e+01   2.2007851e+01   1.2579017e+01   8.0471856e+00   5.0564151e+00
   2.6414782e+06   3.3367986e+03   2.7336657e+03   1.9035845e+03   1.4744105e+03   1.2856572e+03   9.6200963e+02   1.0354869e+03   9.8000475e+02   6.2040847e+02   5.0852274e+02   4.1452356e+02   4.8240184e+02   5.2273507e+02   3.1449740e+02   2.2454149e+02   1.7765180e+02   1.4866690e+02   1.0185236e+02   5.5309818e+01   4.8383468e+01   3.2180109e+01   1.1354803e+01   4.3501395e+00   2.2595387e+00
   2.6430872e+06   2.3427238e+03   1.5211208e+03   1.4683593e+03   1.1673409e+03   1.1028537e+03   9.5657249e+02   7.2875446e+02   6.6520220e+02   6.8657786e+02   6.1239587e+02   5.4685116e+02   4.7163272e+02   3.2390108e+02   2.8983851e+02   2.4713144e+02   1.6604457e+02   1.2527652e+02   8.1106878e+01   4.7352764e+01   3.3149926e+01   2.3409131e+01   1.7986920e+01   1.3599010e+01   1.0806155e+01
   2.6468588e+06   2.2938732e+03   1.6123721e+03   1.6820285e+03   1.1348993e+03   1.0063589e+03   1.0630328e+03   8.7661534e+02   8.5904773e+02   8.3103943e+02   7.3850136e+02   4.3732841e+02   4.2461344e+02   3.8332011e+02   2.5011347e+02   2.0976108e+02   1.4531773e+02   1.2347541e+02   8.0178713e+01   5.9745583e+01   4.1584764e+01   2.3007639e+01   1.6776007e+01   1.5678829e+01   1.4763578e+01
   2.6486479e+06   2.4225268e+03   2.1988857e+03   1.6210555e+03   1.1434362e+03   1.0480949e+03   7.1023339e+02   7.7995796e+02   9.2713443e+02   6.4796516e+02   5.0828039e+02   4.0923323e+02   3.1995615e+02   3.5251136e+02   3.3561911e+02   2.6416580e+02   1.9338502e+02   1.3829991e+02   7.4186738e+01   4.2970772e+01   3.1576607e+01   1.5810491e+01   1.2157877e+01   1.0831968e+01   1.0135241e+01
   2.6531172e+06   2.6383872e+03   1.9253271e+03   1.0493120e+03   9.0538375e+02   8.4283231e+02   7.3776904e+02   5.3918340e+02   6.1505873e+02   7.6515011e+02   4.4257448e+02   4.0720043e+02   3.7090546e+02   2.9084113e+02   2.8961411e+02   2.2882864e+02   1.6331671e+02   1.0163808e+02   7.3596374e+01   4.6893226e+01   3.0210637e+01   1.5292387e+01   1.1269786e+01   6.0348706e+00   2.4753271e+00
   2.6520848e+06   3.1438259e+03   2.0500142e+03   1.3728617e+03   1.1287965e+03   1.0743259e+03   8.5760903e+02   1.0639958e+03   1.1745514e+03   7.5125753e+02   5.5855363e+02   5.9892846e+02   4.4371200e+02   4.3763660e+02   3.6124468e+02   2.3857918e+02   2.1993699e+02   1.6488368e+02   8.9799539e+01   6.7618969e+01   4.2512982e+01   2.6839620e+01   1.9025489e+01   1.0821054e+01   8.9753878e+00
   2.6496216e+06   2.0647602e+03   1.7558872e+03   1.6765741e+03   1.1656418e+03   1.1108970e+03   9.8885658e+02   8.4505965e+02   7.2219713e+02   6.0539460e+02   5.2095153e+02   4.6629495e+02   3.6145172e+02   3.4970850e+02   3.2942267e+02   2.1723897e+02   1.7344086e+02   1.3205038e+02   8.4566124e+01   5.6743778e+01   2.7819094e+01   2.0042541e+01   1.5380900e+01   6.6954918e+00   3.3156650e+00
   2.6510946e+06   3.2549966e+03   3.0243269e+03   2.9967734e+03   1.8848899e+03   1.3059275e+03   1.1350771e+03   9.4908757e+02   7.8333298e+02   6.8328029e+02   4.5874817e+02   3.7661245e+02   4.2206737e+02   3.4995862e+02   3.1902163e+02   2.7509973e+02   1.8330664e+02   1.2634301e+02   9.0597595e+01   5.7537331e+01   3.6034459e+01   2.1468915e+01   1.3560395e+01   8.1996668e+00   4.7038901e+00
   2.6493288e+06   2.3795086e+03   2.3196349e+03   1.8597455e+03   9.3548822e+02   8.2411108e+02   7.3674964e+02   6.5524864e+02   5.8084952e+02   4.2328049e+02   4.2720123e+02   4.2906365e+02   3.2623870e+02   2.6065339e+02   2.5046134e+02   2.1613162e+02   1.8056480e+02   1.2110990e+02   9.6109355e+01   7.0905273e+01   3.3266230e+01   1.6231125e+01   1.3086909e+01   6.7157568e+00   3.9338276e+00
   2.6551858e+06   2.5141230e+03   2.5717912e+03   1.9445673e+03   1.0671029e+03   9.4397265e+02   7.5489299e+02   7.5919709e+02   5.9534192e+02   4.0674161e+02   5.7926464e+02   5.4271666e+02   2.8838803e+02   2.5436148e+02   2.1210552e+02   1.8027688e+02   1.7170463e+02   1.4189624e+02   8.5269484e+01   4.1978426e+01   2.1364715e+01   1.8340204e+01   1.5360452e+01   1.3459562e+01   1.2556090e+01
   2.6600386e+06   2.4700052e+03   2.4939695e+03   2.0891583e+03   9.7933386e+02   6.6366147e+02   8.3676538e+02   1.0338356e+03   9.4653848e+02   6.6209678e+02   5.3764215e+02   4.1235418e+02   3.1610202e+02   2.4475307e+02   1.8475087e+02   1.4385146e+02   1.4877763e+02   1.1371594e+02   7.7467212e+01   7.0803040e+01   4.2637706e+01   2.8572664e+01   2.2459191e+01   1.9612071e+01   1.8556305e+01
   2.6603187e+06   2.6521327e+03   2.7182373e+03   2.0890755e+03   1.3997780e+03   1.1480729e+03   9.0540970e+02   8.7443815e+02   8.0253313e+02   5.9538083e+02   3.9501869e+02   3.6610945e+02   3.7012257e+02   3.3029194e+02   2.5744706e+02   2.7506346e+02   2.2040263e+02   1.2243707e+02   1.1780578e+02   7.5280155e+01   3.3497502e+01   1.4627263e+01   1.1865943e+01   5.5690389e+00   2.5426412e+00
   2.6597014e+06   2.5399463e+03   1.6222504e+03   1.3217665e+03   1.1159183e+03   9.0207218e+02   6.4835991e+02   5.9982365e+02   7.3591240e+02   6.0325373e+02   4.2048948e+02   4.2566634e+02   3.6032583e+02   2.4587902e+02   2.8653785e+02   2.6208098e+02   1.5061554e+02   9.8942359e+01   5.9871265e+01   3.5397707e+01   3.0812741e+01   1.8050250e+01   1.4470019e+01   1.0372913e+01   9.4368010e+00
   2.6581275e+06   3.5481443e+03   2.9166248e+03   1.6948361e+03   1.0681170e+03   9.6380422e+02   8.6708562e+02   9.5193599e+02   9.0346626e+02   7.2492537e+02   5.7672857e+02   4.6210549e+02   3.3242206e+02   3.6490675e+02   3.1309888e+02   2.6297911e+02   2.1373662e+02   1.2887425e+02   7.8380141e+01   6.2319608e+01   4.1097642e+01   2.1360028e+01   1.0317765e+01   4.7781440e+00   3.7887414e+00
   2.6560936e+06   2.8317486e+03   1.8131662e+03   1.2150072e+03   1.1084846e+03   9.3511280e+02   6.2409378e+02   6.3624586e+02   6.5814175e+02   5.0586699e+02   4.2374441e+02   4.0622347e+02   3.6479309e+02   3.8615896e+02   3.3166923e+02   2.1688755e+02   1.7926028e+02   1.3242373e+02   6.6751240e+01   4.5904250e+01   3.6738128e+01   2.4103870e+01   7.5355602e+00   3.8259121e+00   3.0632960e+00
   2.6645192e+06   1.8413985e+03   1.9436810e+03   1.8121337e+03   1.0288560e+03   8.6842392e+02   7.6203218e+02   7.6107433e+02   7.4417123e+02   5.9769915e+02   5.0521511e+02   4.9544776e+02   4.4259376e+02   3.1327882e+02   2.0477199e+02   1.4376668e+02   1.3422008e+02   9.9781603e+01   6.8861314e+01   5.1364272e+01   3.1720191e+01   1.7526881e+01   1.1703030e+01   1.0321881e+01   9.0349000e+00
   2.6637127e+06   2.0856807e+03   2.3661185e+03   1.9644115e+03   1.0486048e+03   9.9566021e+02   8.7983936e+02   9.4702484e+02   9.1663323e+02   5.7975523e+02   4.2216189e+02   4.0979913e+02   3.9959493e+02   3.6823016e+02   2.9296744e+02   1.9842349e+02   1.6522843e+02   1.1680674e+02   7.2893848e+01   5.9277899e+01   4.4352373e+01   2.5247316e+01   1.2159109e+01   5.7797429e+00   3.0415710e+00
   2.6634321e+06   2.9714015e+03   2.3830079e+03   1.6089066e+03   1.1755479e+03   8.7504479e+02   8.4527537e+02   8.8052945e+02   8.3441061e+02   6.4453597e+02   4.7754623e+02   4.7865872e+02   4.1138503e+02   3.7011494e+02   4.0391655e+02   2.7125771e+02   1.8707725e+02   1.4080799e+02   8.5827055e+01   6.1626150e+01   4.0640252e+01   2.7568609e+01   1.3299242e+01   6.7465630e+00   5.2234318e+00
   2.6631960e+06   2.9537425e+03   2.3933897e+03   1.5002600e+03   9.3361480e+02   6.2470636e+02   8.1923386e+02   7.9004998e+02   6.3731587e+02   5.9138759e+02   5.4061040e+02   4.0585026e+02   2.6238890e+02   2.0460978e+02   1.5286566e+02   1.5849146e+02   1.7012619e+02   1.5312618e+02   1.0291431e+02   5.7878807e+01   3.3447890e+01   2.6714196e+01   1.3701275e+01   8.3871098e+00   8.7216293e+00
   2.6667448e+06   2.4081099e+03   1.6997143e+03   1.5422218e+03   9.0909173e+02   7.4476847e+02   9.2976502e+02   1.0329013e+03   9.3691795e+02   6.6304994e+02   4.1375539e+02   3.7219238e+02   4.2365232e+02   3.9397624e+02   2.2628420e+02   1.6604204e+02   1.8058073e+02   1.6000962e+02   1.0286872e+02   4.6718662e+01   3.6041760e+01   2.5429825e+01   1.2206985e+01   5.8144340e+00   4.2468955e+00
   2.6691646e+06   2.8900795e+03   2.3212638e+03   1.7763169e+03   1.1212273e+03   9.3413626e+02   6.3392864e+02   6.2922481e+02   8.7747649e+02   8.5779443e+02   6.5820729e+02   5.6448871e+02   4.8201622e+02   3.7664546e+02   2.4379577e+02   1.8516455e+02   1.8463767e+02   1.4173405e+02   8.4611154e+01   5.5163888e+01   3.8425803e+01   2.0644535e+01   1.5116301e+01   1.2055808e+01   7.8863272e+00
   2.6691997e+06   2.2602068e+03   1.9378323e+03   1.5610541e+03   1.2143752e+03   1.0612304e+03   9.5488206e+02   6.4640067e+02   5.8500045e+02   5.0953370e+02   5.0416159e+02   4.8476403e+02   3.2484463e+02   3.8449364e+02   3.5635590e+02   2.2977213e+02   1.6951356e+02   1.4435312e+02   1.2932506e+02   7.8582774e+01   4.6540450e+01   3.7683908e+01   3.5888838e+01   3.3003119e+01   3.0844238e+01
   2.6604825e+06   2.4513555e+03   1.4415974e+03   1.3092532e+03   1.0466011e+03   1.0231379e+03   7.4106083e+02   5.9423333e+02   6.1512110e+02   5.6651861e+02   3.9031364e+02   3.0577728e+02   2.7326710e+02   2.3960341e+02   2.2091487e+02   1.9848340e+02   1.8521936e+02   1.3489373e+02   6.4496026e+01   4.5588046e+01   4.2279934e+01   3.1893451e+01   1.6914172e+01   4.2963704e+00   3.8232514e+00
   2.6670191e+06   2.0457730e+03   1.7849989e+03   1.7559615e+03   1.3347106e+03   1.0748684e+03   8.2737030e+02   7.7693006e+02   9.2941615e+02   8.8007850e+02   6.1458760e+02   4.1360465e+02   4.1745722e+02   4.4952672e+02   4.2885578e+02   2.7805383e+02   2.0102860e+02   1.5693489e+02   1.0426129e+02   7.0186816e+01   4.8930005e+01   5.4389663e+01   4.9889162e+01   4.6649616e+01   4.7431127e+01
   2.6706508e+06   2.8012861e+03   1.8387906e+03   1.4958291e+03   1.4089052e+03   1.4033830e+03   1.0852509e+03   7.1959777e+02   8.0810733e+02   7.6431059e+02   4.8762273e+02   4.1291211e+02   3.9583932e+02   3.2925011e+02   2.1409698e+02   1.8324817e+02   1.7239197e+02   1.1577445e+02   7.4554323e+01   6.0416619e+01   4.7399526e+01   2.4841240e+01   8.8096299e+00   4.0643372e+00   2.4179792e+00
   2.6724667e+06   1.8383488e+03   1.4329365e+03   1.3221708e+03   1.0165657e+03   9.5348620e+02   8.5443681e+02   7.4348915e+02   6.4558003e+02   4.4025791e+02   3.7442446e+02   3.6465143e+02   3.9854441e+02   3.6336141e+02   2.6836759e+02   2.0960186e+02   1.4523093e+02   1.1238056e+02   8.2622458e+01   6.2472917e+01   4.1260446e+01   1.6693411e+01   6.2823420e+00   6.3417772e+00   4.2392986e+00
   2.6744355e+06   2.7829667e+03   1.8698544e+03   1.2753413e+03   1.1515792e+03   1.3469571e+03   1.0037257e+03   7.1993487e+02   6.2538585e+02   6.1411093e+02   6.5506177e+02   4.8788078e+02   3.9064439e+02   3.4250038e+02   2.3730452e+02   2.2322873e+02   1.7615479e+02   1.1793829e+02   8.2774493e+01   6.3395173e+01   4.7780435e+01   3.0900189e+01   1.5776360e+01   6.1851444e+00   3.5213666e+00
   2.6718295e+06   1.4710469e+03   1.0137651e+03   1.0872802e+03   9.3397685e+02   9.1180820e+02   6.8309772e+02   6.5179045e+02   6.5556224e+02   5.6881996e+02   4.4418088e+02   3.8645460e+02   2.6357104e+02   2.5960464e+02   3.0026463e+02   2.0639220e+02   1.3186107e+02   9.8219078e+01   6.7743799e+01   4.3408924e+01   2.7280655e+01   1.6986722e+01   8.6035927e+00   5.3652058e+00   3.2708799e+00
   2.6730075e+06   2.0640711e+03   1.7055096e+03   1.5876397e+03   1.1404623e+03   9.4075731e+02   9.5089418e+02   1.0023036e+03   8.5781259e+02   6.5892152e+02   5.8832907e+02   4.4210183e+02   3.5838173e+02   3.5953912e+02   3.2379392e+02   2.4703215e+02   1.2471192e+02   1.0543767e+02   9.4522409e+01   6.2405998e+01   3.8216392e+01   2.8797243e+01   1.6308110e+01   7.9224721e+00   6.4192936e+00
   2.6673949e+06   1.7474145e+03   1.6649836e+03   1.4330163e+03   8.4157083e+02   7.5958729e+02   8.0596686e+02   6.4255805e+02   6.9870873e+02   6.8768641e+02   5.1635386e+02   4.1715905e+02   3.4878040e+02   2.9009346e+02   2.7467648e+02   2.1466140e+02   1.4469447e+02   1.4055204e+02   9.9349566e+01   5.0168973e+01   3.0099821e+01   2.1650883e+01   1.4393507e+01   9.3590670e+00   9.1552520e+00
   2.6714842e+06   2.1466484e+03   1.5199285e+03   1.3811290e+03   1.0470828e+03   7.3401034e+02   7.5679212e+02   6.7466537e+02   8.2509546e+02   7.6578197e+02   4.9278846e+02   3.5924922e+02   3.0534303e+02   3.3882437e+02   3.4403742e+02   2.4789791e+02   1.4041676e+02   1.0213334e+02   6.6524324e+01   4.2762486e+01   3.3870003e+01   2.2050809e+01   1.4085846e+01   9.6300378e+00   6.3654264e+00
   2.6725797e+06   2.5819443e+03   2.1239803e+03   2.0490634e+03   1.2564058e+03   9.6636497e+02   8.4138807e+02   6.3278645e+02   4.9662066e+02   5.3842563e+02   4.8751167e+02   2.8071291e+02   2.2804230e+02   2.7502974e+02   2.6343509e+02   2.1387886e+02   1.7471394e+02   1.2918676e+02   8.8941341e+01   5.0032213e+01   3.0684970e+01   2.2452984e+01   1.2405628e+01   1.2977739e+01   1.1826889e+01
   2.6730847e+06   2.4316878e+03   1.9413137e+03   1.6239577e+03   1.3321852e+03   1.5003304e+03   9.4453352e+02   7.3443103e+02   8.2717277e+02   7.0543145e+02   4.1316559e+02   3.4408405e+02   3.5149596e+02   2.0999281e+02   2.2360786e+02   2.3282616e+02   2.0437903e+02   1.1240395e+02   6.9212373e+01   5.2848640e+01   3.6469356e+01   2.2775081e+01   1.8274168e+01   1.4221691e+01   1.0207459e+01
   2.6751161e+06   1.9502664e+03   1.6299667e+03   1.4521400e+03   8.8674589e+02   1.0221801e+03   9.6921601e+02   6.8894714e+02   6.4295852e+02   6.0798620e+02   4.6678910e+02   3.6856313e+02   3.3903503e+02   3.4083753e+02   2.0349049e+02   1.2789617e+02   1.6036849e+02   1.1854661e+02   8.8710865e+01   6.2585486e+01   3.6671543e+01   2.1312112e+01   1.1505822e+01   7.3885329e+00   5.9495758e+00
   2.6722848e+06   1.8376581e+03   1.5193892e+03   1.3298638e+03   8.0272322e+02   8.7455537e+02   8.3357271e+02   5.7892211e+02   5.2871676e+02   3.9536182e+02   3.4917407e+02   3.6386332e+02   2.7258275e+02   1.9737927e+02   2.0213257e+02   2.3109547e+02   2.1975752e+02   1.3386193e+02   7.4741105e+01   5.9105984e+01   4.0302290e+01   2.0553071e+01   1.2256127e+01   1.1450033e+01   8.1346976e+00
   2.6740002e+06   3.3924633e+03   1.8946617e+03   1.4776457e+03   9.9630072e+02   7.1888979e+02   7.0734931e+02   8.7128207e+02   6.5314000e+02   4.9428708e+02   6.1458614e+02   5.7023052e+02   4.2846400e+02   3.2632223e+02   2.3375062e+02   2.0457999e+02   1.5377344e+02   1.0232261e+02   9.0956538e+01   5.6708043e+01   3.5528512e+01   2.4675951e+01   1.2487699e+01   5.8807719e+00   3.0923184e+00
   2.6740273e+06   2.2647840e+03   1.7396550e+03   1.6083162e+03   1.3344630e+03   1.1798541e+03   8.6704856e+02   6.2306076e+02   6.8780357e+02   6.3786907e+02   4.4897975e+02   3.4265227e+02   3.4872491e+02   2.9045977e+02   2.1966172e+02   2.1200849e+02   1.5946331e+02   1.1025251e+02   7.5683922e+01   5.8906041e+01   4.5901976e+01   2.1742060e+01   1.3754045e+01   1.0850618e+01   1.0452282e+01
   2.6765989e+06   1.6567027e+03   1.6559955e+03   1.3571356e+03   1.0069609e+03   7.5540657e+02   7.0069204e+02   7.6579408e+02   6.8070079e+02   6.0890419e+02   5.5638274e+02   4.1489158e+02   3.6058532e+02   3.0270345e+02   2.3809383e+02   2.1696284e+02   1.6870463e+02   1.1869237e+02   6.9272303e+01   5.0578104e+01   3.4270044e+01   2.0144635e+01   9.5771799e+00   4.9468400e+00   2.4376830e+00
   2.6735638e+06   2.2702458e+03   1.6809316e+03   1.4262944e+03   7.7445187e+02   8.0719357e+02   1.0460742e+03   7.1413802e+02   5.8020946e+02   5.8234976e+02   4.7625163e+02   3.5752188e+02   3.4710706e+02   3.8206618e+02   2.1852377e+02   1.6335287e+02   1.3538320e+02   7.6604035e+01   6.8101486e+01   6.2983493e+01   3.7025611e+01   1.8644202e+01   9.4323218e+00   6.7710888e+00   5.5444148e+00
   2.6752745e+06   2.9388210e+03   2.4151713e+03   2.1839196e+03   1.3428349e+03   1.1733135e+03   1.3639965e+03   8.4306151e+02   6.3870788e+02   6.6246308e+02   4.9380407e+02   4.1010077e+02   4.6978877e+02   4.1990429e+02   2.7003099e+02   1.9598456e+02   1.2684127e+02   8.8767746e+01   4.8156106e+01   4.0146863e+01   2.9322062e+01   1.5813023e+01   1.1177378e+01   9.7202589e+00   9.1232498e+00
   2.6747956e+06   1.7834124e+03   1.9533214e+03   1.7439862e+03   1.1415886e+03   1.0254965e+03   7.5455306e+02   7.0786329e+02   6.7481977e+02   4.4597245e+02   4.4537992e+02   3.8799458e+02   2.6935610e+02   2.4524800e+02   1.9119898e+02   1.9631244e+02   1.3499772e+02   9.2859045e+01   7.0892874e+01   4.2759090e+01   3.0334220e+01   2.3240633e+01   1.0126385e+01   4.2328436e+00   3.1488722e+00
   2.6743272e+06   2.9213899e+03   2.0777181e+03   1.5669357e+03   9.9906803e+02   1.0888567e+03   1.0612363e+03   7.6611632e+02   7.5515185e+02   6.9907210e+02   5.1256139e+02   4.8135311e+02   3.7889077e+02   2.2935207e+02   2.3885030e+02   2.1738000e+02   1.5041067e+02   1.0480903e+02   6.8484567e+01   6.3862365e+01   3.3429222e+01   1.7989314e+01   9.8659698e+00   6.0067598e+00   3.9221892e+00
   2.6734224e+06   2.0694089e+03   1.6465120e+03   1.3526767e+03   8.2574378e+02   6.7155187e+02   5.9875757e+02   6.0469705e+02   6.8125502e+02   5.9460143e+02   4.4609514e+02   3.6819432e+02   3.3736705e+02   3.5988541e+02   3.1067897e+02   1.9400040e+02   1.6011526e+02   1.6023464e+02   7.8580208e+01   5.9948363e+01   5.1223140e+01   2.5290477e+01   9.9078660e+00   6.5312368e+00   6.6806926e+00
   2.6744589e+06   2.6121108e+03   1.7257332e+03   1.3267159e+03   9.0028197e+02   7.9227848e+02   7.5107768e+02   8.5944568e+02   8.7605237e+02   7.7235148e+02   5.9604912e+02   4.6027618e+02   4.2899202e+02   2.7758025e+02   2.1966337e+02   2.6151681e+02   1.9860258e+02   1.4243874e+02   1.1063741e+02   5.9782891e+01   3.4633686e+01   1.9820209e+01   1.2495563e+01   5.0013013e+00   2.9974238e+00
   2.6741962e+06   1.7766866e+03   1.6591506e+03   1.1441416e+03   8.2145570e+02   1.0098488e+03   1.1107518e+03   6.6755820e+02   4.1532423e+02   4.8531486e+02   5.9522232e+02   4.0069990e+02   3.3169042e+02   4.1122056e+02   3.0322679e+02   1.8524653e+02   1.2384605e+02   9.9834707e+01   9.3515529e+01   6.8165963e+01   3.6800279e+01   1.8182514e+01   1.0439430e+01   4.3384674e+00   3.5405693e+00
   2.6751268e+06   2.7659324e+03   1.7757290e+03   1.3049624e+03   9.8763765e+02   8.2554846e+02   9.6136195e+02   8.2845794e+02   6.6301434e+02   5.3496204e+02   4.1816264e+02   3.4972030e+02   3.0538824e+02   3.1048444e+02   2.8313966e+02   2.1846789e+02   1.4318110e+02   9.2775068e+01   7.5967162e+01   5.0122699e+01   3.4197825e+01   3.3936356e+01   2.8553325e+01   2.3483975e+01   2.0106159e+01
   2.6692781e+06   2.4596549e+03   2.0252120e+03   1.7736044e+03   1.2437652e+03   9.1567416e+02   8.0223113e+02   6.9964642e+02   8.1724739e+02   7.1056179e+02   5.6291201e+02   4.3527925e+02   3.4253464e+02   3.0716470e+02   3.1522162e+02   2.2346383e+02   1.1739762e+02   1.0749984e+02   6.3644649e+01   4.6792335e+01   3.0484442e+01   1.5906096e+01   1.3556362e+01   1.0520737e+01   9.1213453e+00
   2.6738555e+06   1.9776534e+03   1.6521634e+03   1.6902035e+03   1.2745014e+03   1.1382259e+03   9.6956896e+02   7.5492823e+02   6.0507474e+02   6.5743935e+02   5.4432090e+02   3.4105410e+02   2.7441508e+02   2.1656440e+02   2.2434840e+02   2.5226803e+02   1.8417426e+02   1.2780721e+02   7.3356623e+01   4.4320059e+01   3.8224315e+01   3.1370476e+01   2.5811111e+01   2.6900097e+01   2.6631917e+01
   2.6764681e+06   2.2590156e+03   1.8119396e+03   1.3109378e+03   9.3115938e+02   8.9452335e+02   7.8673945e+02   6.1279334e+02   5.5176728e+02   5.3779964e+02   4.8580523e+02   4.0904913e+02   3.4456399e+02   2.8940380e+02   2.4474833e+02   1.5022901e+02   1.0122149e+02   1.1868786e+02   9.7202541e+01   5.2756088e+01   4.0904151e+01   3.1429408e+01   1.1821519e+01   8.9895014e+00   8.2307893e+00
   2.6748581e+06   2.2630734e+03   2.0686857e+03   1.7896316e+03   9.2127594e+02   8.5202231e+02   8.8183656e+02   7.4769929e+02   7.1485901e+02   7.4147040e+02   6.2672034e+02   5.1337832e+02   4.0091499e+02   3.1482545e+02   2.5416980e+02   2.3711055e+02   1.6095438e+02   1.0212266e+02   8.8340058e+01   4.6677519e+01   3.1903474e+01   2.0853722e+01   1.3270206e+01   1.0909729e+01   9.5904381e+00
   2.6751940e+06   1.8392330e+03   1.8099228e+03   1.9631356e+03   1.3289068e+03   9.4594792e+02   8.6646284e+02   7.5764040e+02   7.6705529e+02   7.7717496e+02   5.9324003e+02   3.4265799e+02   2.2125835e+02   2.3050062e+02   2.1438476e+02   2.4888271e+02   1.9230148e+02   1.1109042e+02   6.9309671e+01   5.0390390e+01   3.7654338e+01   2.2840617e+01   1.2729244e+01   6.9869055e+00   6.0911661e+00
   2.6773232e+06   2.4892295e+03   2.2620642e+03   1.9734446e+03   1.1095153e+03   1.0595639e+03   9.2451317e+02   5.6999716e+02   6.8982798e+02   6.5329984e+02   4.4379632e+02   3.9812981e+02   3.2774918e+02   2.5251157e+02   2.0127145e+02   1.4820889e+02   1.1444194e+02   1.0303219e+02   6.9387306e+01   4.7103454e+01   4.1702038e+01   2.5923784e+01   1.0269220e+01   4.5879488e+00   2.5020563e+00
   2.6743996e+06   1.4456689e+03   1.6684210e+03   1.2482140e+03   1.0354305e+03   1.0697480e+03   7.9190646e+02   6.8663301e+02   6.1643029e+02   4.1665956e+02   4.5680159e+02   4.7870280e+02   3.5330224e+02   2.7653120e+02   2.2913727e+02   1.5416062e+02   1.0837692e+02   1.0171948e+02   8.6994438e+01   5.1793204e+01   2.6318372e+01   2.1756006e+01   1.4115912e+01   1.0238961e+01   9.6326369e+00
   2.6739222e+06   1.3040997e+03   1.3972435e+03   1.2509511e+03   8.5346515e+02   1.0472747e+03   9.3552926e+02   6.9275563e+02   5.6525146e+02   6.2051149e+02   6.2073600e+02   4.8506215e+02   4.5430842e+02   4.4487814e+02   2.9137174e+02   1.5578652e+02   1.4442209e+02   1.2420499e+02   7.7127225e+01   4.8083583e+01   2.7080352e+01   1.3804871e+01   1.0094692e+01   6.1637107e+00   4.0031992e+00
   2.6722610e+06   2.7611797e+03   1.8878340e+03   1.7042874e+03   1.1739368e+03   1.1887132e+03   9.3320519e+02   7.7617301e+02   7.3629171e+02   6.1382888e+02   5.2937782e+02   4.5834100e+02   3.6267016e+02   3.9670490e+02   4.0365264e+02   2.3148282e+02   1.3364561e+02   1.0786634e+02   8.5690664e+01   7.3018707e+01   4.1603666e+01   2.3560371e+01   1.2032684e+01   8.6955175e+00   9.4661750e+00
   2.6708766e+06   1.8107004e+03   1.7238389e+03   1.7160701e+03   1.1624761e+03   8.7553917e+02   6.8157104e+02   4.6122865e+02   4.2229031e+02   4.4645532e+02   4.6040250e+02   3.8551032e+02   2.4698873e+02   2.3819810e+02   2.6477168e+02   2.3788769e+02   1.7523241e+02   1.3863896e+02   1.0389691e+02   5.5822185e+01   3.1165180e+01   2.1764146e+01   1.1614191e+01   4.5962313e+00   2.5491063e+00
   2.6741455e+06   2.6821269e+03   1.5966186e+03   9.5724523e+02   8.0044190e+02   7.3716679e+02   8.4176166e+02   8.9044510e+02   6.9752828e+02   6.6644568e+02   6.4327740e+02   4.3946084e+02   4.0228087e+02   3.8912341e+02   3.3737582e+02   2.9248528e+02   1.8051025e+02   1.3314272e+02   1.2427585e+02   7.7818207e+01   3.6818209e+01   2.2570128e+01   1.5224623e+01   1.3015044e+01   1.4475641e+01
