   2.7555527e+06   2.7545283e+03   2.4909626e+03   2.4550780e+03   2.0371731e+03   2.3862832e+03   2.3863784e+03   1.7361836e+03   1.4869592e+03   1.3089325e+03   1.0124420e+03   8.0832947e+02   7.7730281e+02   8.5704782e+02   8.5750602e+02   5.6053251e+02   3.6934747e+02   2.7713511e+02   2.1100925e+02   1.4170378e+02   1.1224519e+02   1.4406154e+02   1.4780191e+02   1.4192950e+02   1.3770668e+02
   2.7941339e+06   3.0990388e+03   2.8153684e+03   2.3483719e+03   1.3703352e+03   1.5104983e+03   1.4510613e+03   1.1950201e+03   1.3751045e+03   1.2553142e+03   7.3847667e+02   7.0246575e+02   6.9710616e+02   5.4537056e+02   5.0659904e+02   3.9048312e+02   2.2086521e+02   1.9317841e+02   1.7169118e+02   1.1041427e+02   1.0121164e+02   1.0136354e+02   1.1106077e+02   1.0955922e+02   1.0641008e+02
   2.8213780e+06   2.4237072e+03   2.6484143e+03   2.5102799e+03   1.3474923e+03   1.6004207e+03   1.4476852e+03   7.4203265e+02   9.7748867e+02   8.1956584e+02   6.8619763e+02   6.2010324e+02   4.8577129e+02   5.1610704e+02   4.0306372e+02   2.9536096e+02   2.8805940e+02   2.1166172e+02   1.2599383e+02   1.3092847e+02   1.0110911e+02   7.5449244e+01   7.7376044e+01   7.1860869e+01   7.2120927e+01
   2.8403019e+06   1.4583615e+03   2.1753119e+03   2.1236435e+03   9.8339690e+02   1.3985585e+03   1.4703239e+03   8.6673133e+02   7.4330379e+02   7.1865693e+02   5.4828848e+02   6.0081025e+02   6.0776169e+02   3.0088189e+02   3.8554995e+02   4.2700611e+02   2.3292440e+02   1.7259148e+02   1.2630857e+02   9.5891805e+01   6.6810862e+01   3.8397346e+01   3.1058356e+01   3.1476198e+01   3.1133318e+01
   2.8462287e+06   2.2225391e+03   2.4306640e+03   1.9962344e+03   9.8251552e+02   1.3427143e+03   1.4482523e+03   1.0696942e+03   1.2025851e+03   1.2084583e+03   8.2438781e+02   7.8160631e+02   6.5811693e+02   4.5998392e+02   3.7937893e+02   4.1954788e+02   2.8933918e+02   1.4668822e+02   1.3687263e+02   9.6117377e+01   6.1169785e+01   3.7072602e+01   1.9286147e+01   1.8268473e+01   1.7694908e+01
   2.8750238e+06   5.0473431e+03   5.2052310e+03   4.3573936e+03   2.9111821e+03   3.2171066e+03   2.9138883e+03   1.9419747e+03   1.9545152e+03   1.8656133e+03   1.1749838e+03   9.1697082e+02   7.0317683e+02   4.9680585e+02   5.0658428e+02   5.8914602e+02   4.5395590e+02   2.4781057e+02   2.0312097e+02   1.1936710e+02   1.2079266e+02   1.2432605e+02   1.1810533e+02   1.1181253e+02   1.1168964e+02
   2.9201314e+06   4.8020364e+03   3.3143205e+03   2.4360047e+03   2.0693288e+03   2.2846465e+03   1.7412132e+03   1.1404791e+03   1.2562416e+03   1.4189054e+03   8.5608401e+02   6.8092209e+02   8.9888515e+02   8.2167709e+02   4.8583482e+02   3.2286141e+02   2.4398149e+02   1.4157588e+02   1.6203604e+02   1.2401857e+02   9.0511517e+01   6.2274996e+01   4.5429137e+01   4.7922423e+01   4.5863562e+01
   2.9092270e+06   4.5659066e+03   2.7865966e+03   2.7850859e+03   1.8366775e+03   1.9429555e+03   2.1490483e+03   1.4201868e+03   1.3456827e+03   1.0291749e+03   7.7966472e+02   7.0194886e+02   6.8250220e+02   9.4033726e+02   7.0763149e+02   3.1913735e+02   2.6043735e+02   2.2025320e+02   1.3287399e+02   9.8914311e+01   7.3808240e+01   5.7111438e+01   4.6840429e+01   4.8767839e+01   4.9184470e+01
   2.8930320e+06   3.2652564e+03   2.1081735e+03   1.7959398e+03   1.2842475e+03   1.7226841e+03   1.9514159e+03   1.6052454e+03   1.6371453e+03   1.5885985e+03   1.1487689e+03   7.5469964e+02   7.2760263e+02   8.3054633e+02   6.6085362e+02   3.9076244e+02   2.4527062e+02   2.0297364e+02   1.5622454e+02   1.0788513e+02   8.2532825e+01   5.0069602e+01   2.8849030e+01   2.7147821e+01   2.1492342e+01
   2.8792671e+06   2.1778275e+03   2.5190904e+03   2.6109035e+03   1.8817157e+03   1.8718995e+03   2.0032768e+03   1.8015505e+03   1.7747556e+03   1.4018229e+03   8.6112194e+02   7.0407131e+02   8.1146730e+02   8.3296792e+02   6.7897581e+02   5.6154222e+02   3.8143601e+02   3.0231178e+02   2.5385035e+02   1.4875138e+02   6.9834008e+01   5.2726259e+01   4.9500702e+01   3.9815219e+01   3.7420270e+01
   2.8669560e+06   3.3790270e+03   3.7930774e+03   3.1646015e+03   1.9584152e+03   1.9368152e+03   1.6385914e+03   1.5994888e+03   1.6599051e+03   9.8853732e+02   7.1610569e+02   8.2147894e+02   7.6021535e+02   5.6585558e+02   4.4771550e+02   4.0366665e+02   4.0230683e+02   3.5127244e+02   1.8785576e+02   8.4873683e+01   6.2817398e+01   3.0056001e+01   2.3058141e+01   1.0808644e+01   7.3901322e+00
   2.8708036e+06   2.3593247e+03   2.2566960e+03   2.0799400e+03   1.3869394e+03   1.4950966e+03   1.2638621e+03   1.1677076e+03   1.3321706e+03   9.7427088e+02   7.0707406e+02   8.6236791e+02   6.7818595e+02   4.2089415e+02   3.9851296e+02   3.5164933e+02   2.4653342e+02   1.5950074e+02   1.3347751e+02   7.3551826e+01   4.6947007e+01   3.5316838e+01   2.0144324e+01   1.2475325e+01   1.1998673e+01
   2.8838112e+06   2.1144708e+03   2.7791289e+03   2.2261271e+03   8.6332456e+02   1.1773036e+03   1.3015888e+03   9.8028977e+02   1.2292602e+03   1.0740857e+03   6.2547626e+02   5.4489445e+02   5.8336938e+02   6.5030387e+02   4.7418730e+02   2.3370946e+02   2.3001865e+02   1.8223576e+02   1.2605713e+02   1.0077283e+02   6.4816703e+01   4.8879271e+01   3.7036178e+01   3.7915697e+01   3.3015643e+01
   2.8913084e+06   3.2305915e+03   2.9511663e+03   2.6667777e+03   1.7793836e+03   1.8695112e+03   2.1128541e+03   1.7808360e+03   1.3759585e+03   9.0428638e+02   8.7522065e+02   8.0488499e+02   6.0788194e+02   6.1406223e+02   6.2808397e+02   5.0831785e+02   2.7805181e+02   1.8467178e+02   1.4387377e+02   1.0055086e+02   6.3012642e+01   3.5251780e+01   3.2007190e+01   2.9606445e+01   2.6028471e+01
   2.8867660e+06   4.2114666e+03   3.7610446e+03   2.6249989e+03   2.2391725e+03   2.1321978e+03   2.0924253e+03   2.0841416e+03   1.6511744e+03   1.2830539e+03   1.1522786e+03   8.0808107e+02   7.3162459e+02   5.3325275e+02   3.7165215e+02   3.4429312e+02   2.5061986e+02   2.4141978e+02   2.0672166e+02   1.0607198e+02   5.0984450e+01   3.5852383e+01   3.6466153e+01   3.7761848e+01   3.3093608e+01
   2.8856348e+06   4.0995725e+03   3.9660495e+03   3.7832614e+03   2.8953443e+03   2.5885182e+03   2.0401586e+03   1.6905152e+03   1.4625819e+03   1.2149871e+03   1.0652852e+03   9.2063363e+02   5.7611540e+02   5.8945914e+02   5.1711877e+02   3.1476386e+02   2.3358650e+02   1.7845088e+02   1.1875437e+02   8.7063993e+01   6.0796561e+01   3.6670501e+01   2.7535705e+01   1.9892189e+01   2.1266191e+01
   2.8960094e+06   3.4736089e+03   4.2060413e+03   3.6745425e+03   2.8141141e+03   2.4508101e+03   1.9311605e+03   1.3526009e+03   1.3860856e+03   1.3328504e+03   1.3300374e+03   1.3599440e+03   9.8876352e+02   9.0909826e+02   7.1819844e+02   5.0097139e+02   3.9636022e+02   2.2504188e+02   1.5243777e+02   1.0638443e+02   7.1518757e+01   4.5910214e+01   2.2695322e+01   1.1922289e+01   9.8708653e+00
   2.8979619e+06   3.5893576e+03   3.3905092e+03   3.7271237e+03   3.0236036e+03   2.2723715e+03   2.1527353e+03   2.2066581e+03   1.6728123e+03   9.7445532e+02   1.0147501e+03   8.9734020e+02   9.0479038e+02   7.8640669e+02   6.3724913e+02   6.6908191e+02   4.8562610e+02   2.8137023e+02   1.7752518e+02   1.0560109e+02   6.4676436e+01   3.3496306e+01   2.2486689e+01   1.4332344e+01   1.7375956e+01
   2.8959003e+06   3.7838726e+03   3.8874678e+03   3.9963780e+03   2.8356458e+03   2.0258976e+03   1.9047519e+03   1.6093268e+03   1.6257482e+03   1.1620634e+03   7.7562496e+02   7.4561457e+02   6.4675334e+02   7.3444777e+02   6.6214066e+02   5.1611771e+02   3.8255152e+02   2.8467748e+02   2.3261056e+02   1.4045479e+02   8.6520891e+01   3.3075123e+01   3.1253439e+01   2.7972791e+01   2.3816599e+01
   2.8728638e+06   5.1063216e+03   4.3615840e+03   3.5203728e+03   2.0028243e+03   1.9036482e+03   1.8487900e+03   1.6001077e+03   1.2881809e+03   9.4927291e+02   8.5852612e+02   8.4501481e+02   8.9644639e+02   8.1581712e+02   5.4409378e+02   3.9925762e+02   2.9508032e+02   2.4667780e+02   2.0004344e+02   1.3699991e+02   9.2805636e+01   7.2456003e+01   5.5332352e+01   5.0255207e+01   5.3929829e+01
   2.8555514e+06   3.2145223e+03   2.7601333e+03   2.2626054e+03   1.7743332e+03   1.9654398e+03   1.6631808e+03   1.3412403e+03   1.2748501e+03   9.2015580e+02   8.5982239e+02   7.1732271e+02   4.3012954e+02   5.1133111e+02   5.5900477e+02   3.8621920e+02   2.4367274e+02   2.4497344e+02   1.5438416e+02   8.0847247e+01   3.2767698e+01   2.3332269e+01   2.1770796e+01   1.4549992e+01   1.2444874e+01
   2.8667265e+06   4.1707933e+03   3.0394678e+03   3.1927536e+03   1.9522495e+03   1.7778115e+03   1.3291437e+03   9.6013165e+02   1.1886925e+03   1.2400890e+03   9.0436335e+02   5.7085810e+02   4.5315498e+02   5.0925877e+02   4.3967481e+02   3.0025916e+02   2.0293115e+02   1.4091071e+02   9.9783880e+01   6.8601236e+01   4.8713219e+01   2.7185032e+01   1.6120170e+01   9.4557435e+00   4.5043458e+00
   2.8541037e+06   3.3234702e+03   3.3440019e+03   2.9832292e+03   1.5393500e+03   1.6342157e+03   1.4589545e+03   9.8495213e+02   1.1056945e+03   1.0797917e+03   1.0406979e+03   8.7579693e+02   6.5809634e+02   5.4737770e+02   4.5957116e+02   3.6805722e+02   2.4761564e+02   1.5670802e+02   1.0281090e+02   7.4437789e+01   6.6099190e+01   4.6920984e+01   4.2480846e+01   4.0096865e+01   3.8497866e+01
   2.8490032e+06   3.1972639e+03   3.0747918e+03   2.4930763e+03   1.6424125e+03   1.9344166e+03   2.4178228e+03   1.9778718e+03   1.4657937e+03   1.3607374e+03   8.9161635e+02   7.4130641e+02   6.9013602e+02   5.3215076e+02   4.1925406e+02   2.9790268e+02   2.1827015e+02   2.1029976e+02   1.5604056e+02   9.2014448e+01   6.5060219e+01   3.1072140e+01   2.2514747e+01   2.0482384e+01   1.7456605e+01
   2.8529107e+06   1.9981664e+03   2.5284177e+03   2.2170377e+03   1.5489364e+03   1.4340233e+03   1.7393925e+03   1.6235327e+03   1.7426027e+03   1.6479983e+03   9.6854290e+02   6.9899432e+02   4.7959382e+02   4.0005778e+02   4.1360550e+02   4.3762922e+02   3.1480010e+02   2.8110250e+02   2.1330269e+02   6.8973608e+01   4.7252181e+01   3.8797363e+01   2.2228646e+01   9.8670845e+00   1.0835904e+01
   2.8502540e+06   2.3434822e+03   2.3786321e+03   2.0931258e+03   9.2234526e+02   9.3240413e+02   1.0080903e+03   7.8551898e+02   6.9777393e+02   7.1960803e+02   6.5033873e+02   5.6045223e+02   5.7828536e+02   4.7188903e+02   4.1437421e+02   3.1462387e+02   2.5443806e+02   2.6808222e+02   1.8169610e+02   9.6635748e+01   5.1723393e+01   3.3546086e+01   2.7243156e+01   2.5494551e+01   2.5043231e+01
   2.8486133e+06   1.5248015e+03   1.8462156e+03   1.8617928e+03   1.3067177e+03   1.3311751e+03   1.2067768e+03   1.0357391e+03   8.2595974e+02   6.4506867e+02   5.4085464e+02   5.3075993e+02   5.5820034e+02   5.1153511e+02   3.5103850e+02   2.4077844e+02   1.8126774e+02   1.3433494e+02   1.1238066e+02   8.3053283e+01   5.1368665e+01   4.1449244e+01   2.5238604e+01   1.4588589e+01   1.2555664e+01
   2.8513719e+06   1.1357748e+03   1.7194928e+03   1.9289422e+03   1.4425392e+03   1.5769298e+03   1.6710444e+03   1.1981635e+03   8.1049244e+02   8.1939205e+02   7.3244147e+02   5.1167200e+02   4.2002124e+02   3.7858510e+02   3.5664545e+02   3.2498871e+02   2.2798162e+02   1.5598816e+02   1.3163179e+02   9.1211705e+01   4.9947096e+01   3.1104608e+01   1.9289635e+01   1.5763011e+01   1.3562270e+01
   2.8520579e+06   1.6851591e+03   2.2443442e+03   2.0404466e+03   1.0666990e+03   1.5199983e+03   1.3125154e+03   7.1709197e+02   1.0244455e+03   1.0383542e+03   7.4432331e+02   7.0701642e+02   4.8060511e+02   4.0020231e+02   4.4710580e+02   2.7758562e+02   2.1125275e+02   1.9428710e+02   1.1581333e+02   6.5684575e+01   4.4290284e+01   2.7076383e+01   1.0394656e+01   6.3591413e+00   6.3911222e+00
   2.8567270e+06   1.8796101e+03   2.1692317e+03   1.6890050e+03   9.6839535e+02   1.1521869e+03   1.1662602e+03   8.1449265e+02   8.2705618e+02   8.0261959e+02   5.6698252e+02   5.6144324e+02   5.0473407e+02   3.9354558e+02   4.4415939e+02   4.3602298e+02   2.8763326e+02   1.5470380e+02   1.0198019e+02   7.7410175e+01   5.0472490e+01   2.9078128e+01   1.6697110e+01   1.3414718e+01   1.0856994e+01
   2.8686683e+06   4.9373675e+03   6.3073297e+03   6.4204345e+03   4.6230033e+03   4.3666336e+03   3.7223111e+03   2.8900193e+03   2.2570520e+03   1.5762331e+03   1.0334300e+03   1.0065983e+03   1.0093905e+03   7.8777351e+02   5.7723759e+02   4.1204984e+02   4.0836199e+02   2.9736056e+02   1.8370119e+02   9.9012330e+01   5.4704519e+01   3.1029434e+01   2.1000012e+01   1.1653976e+01   7.7929759e+00
   2.8832640e+06   6.8983956e+03   6.1977009e+03   4.6551561e+03   3.3425550e+03   3.6815675e+03   3.1144177e+03   2.3129796e+03   2.2168821e+03   1.8597104e+03   1.3554032e+03   1.1643232e+03   1.3587867e+03   9.9074862e+02   6.2383068e+02   7.0079142e+02   6.1957428e+02   3.6202176e+02   2.8035397e+02   1.6009231e+02   1.2377849e+02   1.6276019e+02   1.5259607e+02   1.4182974e+02   1.3902948e+02
   2.9624909e+06   5.2645232e+03   4.4582603e+03   3.6821448e+03   2.2551898e+03   2.0951662e+03   1.7368841e+03   1.0619804e+03   1.4283839e+03   1.7047367e+03   1.0652568e+03   7.6266501e+02   7.8236997e+02   7.6458379e+02   7.1228404e+02   5.5212803e+02   3.2045591e+02   1.9474939e+02   1.6522143e+02   1.8986991e+02   1.8302937e+02   1.6661964e+02   1.7788380e+02   1.7156636e+02   1.6698735e+02
