   1.4286654e+06   2.9355925e+03   4.6250423e+03   4.0705006e+03   1.6293671e+03   3.4705043e+03   3.2471161e+03   9.2308208e+02   1.8146326e+03   1.9354788e+03   8.7052925e+02   1.5240550e+03   1.4429992e+03   4.7984986e+02   4.5690717e+02   4.2097566e+02   2.2559887e+02   2.5289196e+02   2.1462513e+02   8.9545665e+01   7.0286155e+01   5.8720162e+01   3.4990372e+01   3.2226554e+01   2.7591657e+01
   1.4164733e+06   1.4671729e+03   3.7191125e+03   3.9756629e+03   1.5489865e+03   3.2600651e+03   3.2072827e+03   1.0427223e+03   1.7003409e+03   1.7569122e+03   8.6932368e+02   1.4485189e+03   1.1745298e+03   5.2484470e+02   6.6234776e+02   5.1372198e+02   3.6650024e+02   2.9514900e+02   1.7972007e+02   9.6656563e+01   8.8102793e+01   5.7347432e+01   2.9044160e+01   2.8194637e+01   2.4175657e+01
   1.4215487e+06   1.9063366e+03   4.3224315e+03   4.5054444e+03   1.6613689e+03   3.1688629e+03   3.0394332e+03   1.1842152e+03   1.9918960e+03   1.8500581e+03   9.9650471e+02   1.6101289e+03   1.2634326e+03   4.4000650e+02   5.2431992e+02   4.4712965e+02   2.3926342e+02   2.3222804e+02   2.1891655e+02   1.2868535e+02   7.1216885e+01   4.2699175e+01   2.7608071e+01   2.0492628e+01   1.7062259e+01
   1.4166492e+06   1.6389921e+03   4.5969754e+03   4.7881095e+03   1.6875049e+03   2.8344713e+03   2.6271682e+03   9.8374428e+02   1.7592352e+03   1.8210796e+03   1.0592065e+03   1.5066751e+03   1.3836326e+03   5.1499841e+02   5.2460089e+02   4.6103700e+02   2.1611791e+02   2.1424139e+02   1.7264695e+02   8.9681551e+01   8.1085954e+01   5.6843008e+01   2.1548870e+01   1.4394419e+01   7.8276815e+00
   1.4098743e+06   2.6112594e+03   5.3135914e+03   4.6235047e+03   1.6514032e+03   3.0083602e+03   3.0184106e+03   1.3332046e+03   2.4721522e+03   2.2096723e+03   1.0106974e+03   1.6825252e+03   1.2799449e+03   4.3911001e+02   5.6712870e+02   5.1047793e+02   4.3607260e+02   3.5470490e+02   2.0650983e+02   1.3253276e+02   8.4847522e+01   6.6332408e+01   4.8510505e+01   4.1339765e+01   4.3988041e+01
   1.3932679e+06   5.0301631e+03   6.2728002e+03   5.7198374e+03   3.2355555e+03   4.4636371e+03   3.8301551e+03   2.0931341e+03   2.7820161e+03   2.9648025e+03   1.5498441e+03   1.4803855e+03   1.5115903e+03   1.0802189e+03   7.5877784e+02   4.7318038e+02   3.5854473e+02   2.4894594e+02   2.0435189e+02   1.2668793e+02   9.6792561e+01   8.6476763e+01   7.0936210e+01   6.7029598e+01   6.2830100e+01
   1.3788096e+06   6.5311593e+03   8.4729485e+03   6.5892618e+03   3.4553690e+03   3.8730342e+03   3.7316146e+03   2.0761929e+03   2.5848758e+03   2.4873085e+03   1.4391125e+03   2.0100516e+03   1.6058417e+03   8.4408682e+02   7.1856195e+02   5.3159803e+02   4.4121497e+02   4.0654150e+02   2.8749632e+02   8.8954989e+01   8.3885058e+01   5.9492274e+01   3.0393245e+01   1.9191324e+01   1.0292698e+01
   1.3783280e+06   3.2197670e+03   5.4408811e+03   5.4846626e+03   2.0595087e+03   3.1671188e+03   3.3557822e+03   1.5683549e+03   2.0155248e+03   1.7113547e+03   9.7087529e+02   1.6875998e+03   1.4961285e+03   5.6699570e+02   5.3125308e+02   4.5454626e+02   3.0819257e+02   2.7843568e+02   1.7331331e+02   8.9466960e+01   1.0154094e+02   5.4972598e+01   2.5291594e+01   2.9073983e+01   2.5737980e+01
   1.3938784e+06   4.7581791e+03   5.2489001e+03   4.5830641e+03   2.0564931e+03   4.3119039e+03   3.8373841e+03   1.3187684e+03   2.3324587e+03   2.0786239e+03   1.0490271e+03   1.6085756e+03   1.4014817e+03   5.7900610e+02   6.4551222e+02   5.5315295e+02   2.5839902e+02   2.7700094e+02   1.6318801e+02   6.3785530e+01   8.8264681e+01   8.7829417e+01   5.7074856e+01   5.0627233e+01   5.0222421e+01
   1.4044793e+06   4.7478063e+03   5.5773369e+03   5.2681877e+03   2.2823154e+03   3.6426374e+03   3.4869489e+03   1.4621783e+03   1.4258616e+03   1.6223952e+03   1.0666321e+03   1.5550250e+03   1.6117483e+03   8.0598980e+02   5.8027553e+02   4.6064767e+02   3.3275918e+02   3.0309967e+02   1.8456082e+02   1.0088766e+02   1.0082563e+02   5.5774097e+01   1.7852044e+01   8.3347263e+00   3.7042158e+00
   1.4085820e+06   4.2991131e+03   5.9582881e+03   5.3542884e+03   2.0447703e+03   3.3844817e+03   3.0718447e+03   1.2577593e+03   1.7363041e+03   1.6518859e+03   8.9898747e+02   1.3983807e+03   1.3868480e+03   7.2078270e+02   6.2931049e+02   4.2820410e+02   2.6440328e+02   2.7116478e+02   1.6842319e+02   7.0090169e+01   8.3364007e+01   6.0010862e+01   2.5483456e+01   2.4541727e+01   2.7982999e+01
   1.4036867e+06   4.3589362e+03   5.3599094e+03   4.2712071e+03   1.7522646e+03   3.8053635e+03   3.6710262e+03   1.5584458e+03   2.1193714e+03   1.8249140e+03   7.8105813e+02   1.3742292e+03   1.3108392e+03   4.7808956e+02   4.1771735e+02   3.5046747e+02   2.0313148e+02   2.2524809e+02   1.7222937e+02   8.2339063e+01   7.1711246e+01   4.9223444e+01   2.0873499e+01   1.3986283e+01   1.1476209e+01
   1.3989035e+06   4.0312900e+03   5.5918008e+03   4.8932024e+03   2.0033963e+03   3.6632989e+03   3.4542715e+03   1.5027836e+03   1.9744655e+03   1.9352264e+03   7.9329560e+02   1.1478948e+03   1.1895736e+03   5.0195655e+02   5.9665727e+02   4.7764684e+02   2.4915177e+02   2.2427747e+02   1.6183737e+02   9.2540057e+01   8.6267743e+01   6.3240543e+01   2.5372799e+01   1.5607949e+01   8.2608295e+00
   1.4020158e+06   5.2317891e+03   5.1962282e+03   4.2102026e+03   1.5810130e+03   3.6958398e+03   3.9486299e+03   1.5206073e+03   2.0179072e+03   1.8664624e+03   9.3239764e+02   1.5097310e+03   1.4418400e+03   6.3866407e+02   6.2053896e+02   4.2665401e+02   2.2712087e+02   3.0591728e+02   2.0202040e+02   9.4048243e+01   8.7839448e+01   5.3774289e+01   1.7216365e+01   9.4717680e+00   3.3599526e+00
   1.4027916e+06   2.7936202e+03   4.7017948e+03   5.0956285e+03   2.7080994e+03   3.8597548e+03   3.2590360e+03   1.5255376e+03   2.1915418e+03   1.9754399e+03   1.0094180e+03   1.3859042e+03   1.3359261e+03   6.6601546e+02   6.6458351e+02   5.2346423e+02   2.5291608e+02   2.8435633e+02   2.1643699e+02   7.9969803e+01   5.6245274e+01   4.1164886e+01   2.6694970e+01   2.4942721e+01   2.2794756e+01
   1.4104661e+06   5.2830233e+03   6.7243436e+03   5.4839598e+03   1.7379691e+03   3.5778066e+03   3.6297121e+03   1.5060370e+03   2.3293347e+03   2.4390015e+03   1.4387685e+03   1.5874741e+03   1.3624717e+03   7.1054420e+02   5.9990712e+02   4.5233824e+02   3.1195760e+02   2.3971349e+02   1.9039419e+02   1.2134186e+02   9.4258609e+01   4.5961619e+01   1.8158409e+01   8.8363503e+00   5.1096826e+00
   1.4092269e+06   4.3531955e+03   7.0322026e+03   5.5659512e+03   2.4866470e+03   4.1409934e+03   4.0397446e+03   2.4815771e+03   2.9913206e+03   2.2557316e+03   1.3277403e+03   1.5261892e+03   1.1449425e+03   5.4878004e+02   6.6552242e+02   5.9197849e+02   2.8096720e+02   2.5889700e+02   2.5681911e+02   1.1907360e+02   8.1609365e+01   4.4853974e+01   1.7351415e+01   1.5852563e+01   1.3835850e+01
   1.4142069e+06   5.4233098e+03   6.7041145e+03   5.2961341e+03   2.6278285e+03   4.1934685e+03   3.8636817e+03   1.8684245e+03   3.0606507e+03   2.2601644e+03   8.1931417e+02   1.6779660e+03   1.7746413e+03   8.6534719e+02   7.6203371e+02   6.1472226e+02   2.9387028e+02   3.2562838e+02   2.5511470e+02   1.1138144e+02   8.9405667e+01   5.5501782e+01   3.3031400e+01   3.5604000e+01   3.0848855e+01
   1.4201886e+06   7.4547905e+03   8.1306232e+03   6.4833489e+03   3.1601397e+03   4.5484009e+03   4.2864869e+03   1.7316503e+03   2.4994512e+03   2.4813872e+03   1.1343305e+03   1.5028068e+03   1.4525743e+03   6.4419025e+02   8.1049534e+02   7.2782772e+02   3.0068961e+02   3.2030474e+02   2.6125235e+02   1.1034212e+02   9.0492950e+01   5.1566929e+01   2.8226428e+01   2.0437344e+01   1.7288432e+01
   1.4237463e+06   4.3496659e+03   6.2431296e+03   5.8383596e+03   3.1457361e+03   4.4268607e+03   4.3148025e+03   2.1196375e+03   2.6455950e+03   2.4893799e+03   1.3179085e+03   1.3063797e+03   1.2186856e+03   8.0847496e+02   6.5486620e+02   4.2225826e+02   2.7282200e+02   2.6400950e+02   1.7417929e+02   7.9039705e+01   7.3625343e+01   5.8155548e+01   1.7611589e+01   1.3078627e+01   1.3871840e+01
   1.4254523e+06   6.0999600e+03   6.7349619e+03   5.4620859e+03   2.8611919e+03   3.5777694e+03   3.3772777e+03   1.9406073e+03   2.3293696e+03   2.4399465e+03   1.7447761e+03   1.7505726e+03   1.3937950e+03   6.8789016e+02   5.5784772e+02   5.0177045e+02   3.4296227e+02   2.8917978e+02   2.1703389e+02   1.1169557e+02   8.7182899e+01   6.6421626e+01   3.5776121e+01   3.3985776e+01   3.7333959e+01
   1.4295747e+06   5.8031177e+03   7.0404428e+03   6.2714241e+03   3.8098857e+03   4.4251102e+03   4.5830389e+03   2.8034328e+03   2.8440776e+03   2.9122206e+03   1.7988886e+03   1.7199852e+03   1.4687135e+03   8.0758066e+02   1.0939935e+03   8.6676570e+02   4.1361485e+02   3.3574805e+02   2.2678149e+02   7.8010339e+01   6.8697045e+01   5.5589993e+01   2.5142856e+01   1.7154638e+01   1.3522404e+01
   1.4302688e+06   4.5657372e+03   4.6378998e+03   5.8711932e+03   3.9825800e+03   4.5041163e+03   3.9232347e+03   1.8142551e+03   2.4637592e+03   2.1413860e+03   1.3514141e+03   1.8307830e+03   1.7700324e+03   1.1269668e+03   1.0095160e+03   6.6291096e+02   4.1814288e+02   3.4816430e+02   2.9485946e+02   2.0357871e+02   1.5882065e+02   1.0250295e+02   5.7487088e+01   5.8537593e+01   6.1793531e+01
   1.4360322e+06   5.1474589e+03   6.4069622e+03   5.9344423e+03   3.1036088e+03   4.2438659e+03   4.0568151e+03   2.0679214e+03   2.4307387e+03   2.7214038e+03   1.7352548e+03   1.8375474e+03   1.5890823e+03   8.3608507e+02   8.6774685e+02   6.7104524e+02   4.3282744e+02   3.5649735e+02   2.7221170e+02   1.2832370e+02   1.0207401e+02   7.5888223e+01   4.4630347e+01   4.7720097e+01   4.8798679e+01
   1.4284922e+06   3.8160493e+03   6.1644676e+03   5.1861570e+03   2.3132975e+03   4.0519048e+03   3.8101601e+03   2.1732839e+03   2.5019363e+03   2.4717266e+03   1.8703239e+03   2.0102687e+03   1.9291123e+03   9.5853825e+02   6.8846639e+02   6.0685955e+02   3.6868235e+02   3.4562804e+02   2.9911857e+02   1.5158373e+02   1.0992120e+02   4.8585136e+01   2.1868097e+01   1.8951635e+01   1.4120524e+01
   1.4366412e+06   4.9233893e+03   6.1595477e+03   5.1003837e+03   3.3025971e+03   4.7514129e+03   4.4977532e+03   3.0570461e+03   2.7481051e+03   1.9999243e+03   1.2806510e+03   1.6423281e+03   1.5774511e+03   8.2285354e+02   4.7654031e+02   4.2168862e+02   3.5040708e+02   3.0546754e+02   2.2611697e+02   1.3793005e+02   1.0309703e+02   9.0653221e+01   6.2624275e+01   6.4644096e+01   6.2546478e+01
   1.4483145e+06   8.3738725e+03   7.9518715e+03   4.7661326e+03   2.7061006e+03   4.1363457e+03   4.0486749e+03   2.0696666e+03   2.7278065e+03   2.2467772e+03   1.2897461e+03   1.8315710e+03   1.7840398e+03   1.0665222e+03   9.0408269e+02   5.8930710e+02   3.9537969e+02   2.9632252e+02   1.8952415e+02   1.0548529e+02   9.2882224e+01   4.9052475e+01   1.6268379e+01   7.1839923e+00   2.6074675e+00
   1.4302967e+06   4.5479029e+03   6.2451698e+03   4.8225584e+03   1.9260106e+03   3.9629051e+03   3.7110968e+03   1.5701228e+03   1.8959866e+03   1.7097376e+03   1.1445849e+03   1.8350566e+03   1.6106929e+03   7.1260228e+02   6.7105591e+02   4.5277082e+02   2.2735987e+02   2.8623419e+02   2.2175230e+02   1.2134732e+02   9.3916149e+01   5.4306200e+01   1.5914580e+01   1.1072219e+01   1.2190372e+01
   1.4370992e+06   3.3118423e+03   6.0964219e+03   5.5180295e+03   2.5747067e+03   4.0975772e+03   3.6287080e+03   1.9172179e+03   2.2413548e+03   2.1284366e+03   1.6126944e+03   1.8648184e+03   1.4763332e+03   6.4999038e+02   6.1197196e+02   5.0607948e+02   3.3091687e+02   3.1792420e+02   2.3290447e+02   1.0575847e+02   7.5407185e+01   5.4536844e+01   2.5987356e+01   1.0455331e+01   1.8064616e+00
   1.4423472e+06   7.5498036e+03   8.9501308e+03   7.4628829e+03   4.7482928e+03   5.8049353e+03   5.9020449e+03   3.8046960e+03   3.1285988e+03   2.9600200e+03   2.1843666e+03   2.3909848e+03   2.4057780e+03   1.6340910e+03   1.3094468e+03   1.2111238e+03   8.5295443e+02   5.9960061e+02   4.1069367e+02   2.6344963e+02   1.6869117e+02   7.7716594e+01   4.2151074e+01   3.3612945e+01   2.3993940e+01
   1.4342971e+06   5.2225578e+03   7.0656320e+03   6.3379236e+03   3.4748709e+03   4.5782665e+03   3.9485384e+03   1.9489087e+03   2.4694464e+03   2.6603488e+03   1.4190496e+03   1.5336730e+03   1.2996391e+03   6.1337014e+02   8.6851515e+02   7.9790748e+02   3.2371185e+02   3.1985105e+02   2.8168391e+02   1.1548337e+02   8.7601967e+01   5.8901321e+01   2.9097637e+01   2.1032373e+01   1.9568543e+01
   1.4341392e+06   5.4646042e+03   6.0498119e+03   4.9653746e+03   2.7038070e+03   4.5145179e+03   4.2499480e+03   2.3166977e+03   3.1217745e+03   2.3683768e+03   1.5132094e+03   2.1509252e+03   1.7784077e+03   8.7861047e+02   6.6155489e+02   5.3297736e+02   5.2278758e+02   5.4173111e+02   3.9834832e+02   1.7552909e+02   8.5052692e+01   5.9111522e+01   3.9739472e+01   2.6723626e+01   2.7075268e+01
   1.4296863e+06   5.6912073e+03   7.8666192e+03   6.9114192e+03   4.6726504e+03   5.4834713e+03   4.4273186e+03   3.0886410e+03   3.4358737e+03   2.7768519e+03   1.6403684e+03   1.9919224e+03   1.5702680e+03   8.0327752e+02   9.4428513e+02   7.3414233e+02   5.6519192e+02   4.7688367e+02   2.8335789e+02   1.4196016e+02   1.0078534e+02   7.3998001e+01   3.1573441e+01   3.4032949e+01   3.3491192e+01
   1.4267347e+06   5.2541676e+03   6.2143819e+03   5.1621404e+03   2.4363251e+03   4.4421418e+03   3.7451243e+03   1.3683673e+03   2.1117955e+03   1.9683220e+03   1.1883523e+03   1.6567551e+03   1.2527483e+03   4.5604280e+02   7.0819750e+02   6.9279724e+02   4.4611712e+02   4.3135293e+02   2.4527022e+02   1.2036719e+02   1.2499806e+02   8.0826429e+01   4.8213517e+01   4.6300367e+01   4.3157448e+01
   1.4375121e+06   5.4702605e+03   5.3080078e+03   4.6799990e+03   3.0021721e+03   5.3508304e+03   5.4183976e+03   2.7584170e+03   2.3993284e+03   2.2917408e+03   1.5491265e+03   1.3747179e+03   1.4542082e+03   1.0123489e+03   7.7077559e+02   7.7296472e+02   6.5534201e+02   4.0212981e+02   1.9470651e+02   1.3661693e+02   1.2239049e+02   6.9961898e+01   2.5792379e+01   2.3475861e+01   2.7196310e+01
   1.4410159e+06   4.2406761e+03   5.6647698e+03   5.3350374e+03   2.2325081e+03   4.0920284e+03   4.1149859e+03   2.0454040e+03   2.7093065e+03   2.2491636e+03   1.1215715e+03   1.2947650e+03   1.5346141e+03   9.0619860e+02   7.0351071e+02   5.5610704e+02   3.4376063e+02   3.1143241e+02   2.0409962e+02   1.0637678e+02   9.6945521e+01   6.4296097e+01   1.9432146e+01   1.1564319e+01   6.8701823e+00
   1.4348987e+06   4.8608081e+03   5.9438227e+03   4.6189040e+03   2.7465425e+03   4.3935782e+03   4.2884129e+03   3.2907196e+03   3.7803984e+03   2.7883557e+03   1.6213770e+03   1.9234689e+03   1.6537949e+03   8.5329094e+02   8.7775776e+02   7.6448067e+02   4.5617610e+02   3.6941355e+02   2.6889439e+02   1.2500919e+02   1.0349075e+02   7.0191130e+01   3.5378156e+01   2.1278918e+01   2.1303943e+01
   1.4248095e+06   4.1933134e+03   5.5930033e+03   5.1991595e+03   2.7468220e+03   3.7978860e+03   4.3081774e+03   2.2212170e+03   2.0330572e+03   2.1928089e+03   1.6639805e+03   1.9874717e+03   1.9772062e+03   1.3237673e+03   1.1303074e+03   7.8698782e+02   3.3632225e+02   3.5739062e+02   3.0659177e+02   1.8114135e+02   1.1510160e+02   5.0111624e+01   3.6122664e+01   3.7313133e+01   2.9304292e+01
   1.4209722e+06   3.5202166e+03   6.4402251e+03   5.9774914e+03   2.4496686e+03   3.1746499e+03   3.0938612e+03   2.2234527e+03   2.8433756e+03   1.9921753e+03   1.2982650e+03   2.1722577e+03   2.1027112e+03   1.2021314e+03   1.0556061e+03   8.6784820e+02   5.0414705e+02   4.4016778e+02   3.1572455e+02   1.3898450e+02   8.2461188e+01   5.5407688e+01   2.8447177e+01   1.3327114e+01   1.1483884e+01
   1.4238311e+06   3.8500774e+03   5.1930895e+03   4.3001549e+03   2.1089779e+03   4.0041343e+03   3.6694896e+03   2.2703908e+03   3.5844847e+03   3.1286060e+03   1.9724920e+03   2.0622326e+03   1.5633401e+03   1.0498671e+03   1.0230032e+03   7.0734667e+02   3.8806800e+02   3.2278996e+02   2.3797853e+02   1.5446820e+02   1.1281020e+02   5.3645180e+01   2.0888032e+01   9.5046212e+00   4.9581441e+00
   1.4279764e+06   2.6364487e+03   4.3528896e+03   4.3531086e+03   2.2004715e+03   3.9435164e+03   3.6603025e+03   2.0766735e+03   2.6861244e+03   2.1574251e+03   1.6694748e+03   2.1627006e+03   1.4937387e+03   9.0775301e+02   1.0017313e+03   7.8992383e+02   5.0301653e+02   4.7541598e+02   2.4593473e+02   7.7289426e+01   7.6677181e+01   4.3944123e+01   2.3387872e+01   1.7216208e+01   1.5787254e+01
   1.4322585e+06   3.1051173e+03   5.2996601e+03   5.2256208e+03   3.0466664e+03   4.0885427e+03   3.9939837e+03   2.3056193e+03   2.2321438e+03   1.8810448e+03   1.2200524e+03   1.7411638e+03   1.6242631e+03   8.0180692e+02   6.7220790e+02   7.1149127e+02   5.0147266e+02   3.7355476e+02   2.5717805e+02   1.4399077e+02   1.2120199e+02   7.6694288e+01   2.3714475e+01   2.5020517e+01   3.1457760e+01
   1.4355129e+06   3.4462720e+03   6.5931947e+03   5.7690469e+03   2.3858004e+03   4.2809737e+03   4.2452228e+03   1.6741215e+03   2.0988316e+03   2.1461129e+03   1.1894648e+03   1.7741315e+03   1.6360945e+03   8.1404248e+02   8.5841626e+02   6.5501778e+02   3.5392942e+02   1.9495598e+02   2.0014776e+02   1.4298481e+02   9.8970825e+01   5.5839877e+01   1.3968370e+01   1.0434730e+01   5.7422372e+00
   1.4369706e+06   4.6108318e+03   5.7550526e+03   5.3310568e+03   3.0709481e+03   4.1562323e+03   4.3141876e+03   2.3545602e+03   2.8820726e+03   2.5676746e+03   1.2046104e+03   1.5539825e+03   1.5250928e+03   8.8010867e+02   8.2002409e+02   6.3781159e+02   3.0133673e+02   3.2397118e+02   2.3101609e+02   9.5359498e+01   9.2352600e+01   5.8277595e+01   1.6321742e+01   1.2130310e+01   7.0689733e+00
   1.4360913e+06   5.8087648e+03   5.6597018e+03   4.7263265e+03   2.4936167e+03   3.7798316e+03   3.2079228e+03   1.7744626e+03   2.5656967e+03   2.2493670e+03   1.2334284e+03   1.7231160e+03   1.5605055e+03   6.6604380e+02   7.0843983e+02   6.5856258e+02   3.0191901e+02   2.7147087e+02   2.1992901e+02   1.1081641e+02   9.9038156e+01   5.5986133e+01   2.4759635e+01   1.9388145e+01   1.3632966e+01
   1.4307541e+06   5.4374203e+03   5.3114684e+03   5.0010576e+03   3.2383010e+03   4.4677755e+03   3.9783169e+03   1.9980249e+03   2.9653873e+03   2.4808036e+03   1.1228594e+03   1.7257355e+03   1.5513664e+03   9.3058081e+02   9.7365100e+02   6.7886822e+02   3.3582059e+02   3.0584067e+02   2.4091060e+02   1.0658573e+02   7.8096266e+01   4.3224895e+01   2.1977473e+01   1.2486972e+01   8.5090272e+00
   1.4367738e+06   3.7352824e+03   6.0573586e+03   5.5170112e+03   2.4839497e+03   3.8077733e+03   3.8234837e+03   2.1010907e+03   2.2043350e+03   1.8121959e+03   1.0449620e+03   1.6595224e+03   1.5446492e+03   8.0456355e+02   7.5032324e+02   5.9858401e+02   3.3992307e+02   3.2880750e+02   2.5777004e+02   1.3963791e+02   1.0045751e+02   6.1285963e+01   2.3768094e+01   1.2231824e+01   7.0084957e+00
   1.4352865e+06   2.6224773e+03   4.4400923e+03   4.4296660e+03   2.1481953e+03   3.7490018e+03   3.5148645e+03   1.5919632e+03   2.6114788e+03   2.6134934e+03   1.4050445e+03   1.5394214e+03   1.4629622e+03   8.8546318e+02   7.3237502e+02   5.4736415e+02   3.7104531e+02   3.3011213e+02   2.2063144e+02   1.0420947e+02   9.2321272e+01   5.1035345e+01   2.2252716e+01   1.1681411e+01   5.7446705e+00
   1.4365062e+06   3.2636625e+03   4.9181741e+03   4.5776790e+03   2.1855003e+03   4.5397811e+03   4.0851159e+03   1.9507741e+03   2.8150699e+03   2.4756622e+03   1.3358937e+03   1.6696173e+03   1.5191255e+03   6.7088137e+02   7.3855251e+02   5.7033775e+02   3.7880156e+02   3.9900233e+02   2.2579305e+02   1.3294211e+02   7.4172324e+01   4.5338786e+01   2.8966352e+01   2.0790347e+01   1.5916313e+01
   1.4404865e+06   3.8405908e+03   6.9548316e+03   6.4921122e+03   2.5796922e+03   3.2157274e+03   3.3019595e+03   1.8092578e+03   2.2420577e+03   1.7786431e+03   1.0696224e+03   1.6102405e+03   1.4900357e+03   7.1399517e+02   8.4045973e+02   8.1093777e+02   3.6896033e+02   2.3802612e+02   2.1011875e+02   1.1053953e+02   9.2197051e+01   6.6688774e+01   3.9072693e+01   3.8717809e+01   3.6601268e+01
   1.4454274e+06   3.1447701e+03   5.9063674e+03   5.8738085e+03   2.6127187e+03   3.5370685e+03   3.5503667e+03   2.0682594e+03   2.1372308e+03   1.7757938e+03   1.0571080e+03   1.5850628e+03   1.6045230e+03   8.4761675e+02   5.8481464e+02   4.4070871e+02   2.8334909e+02   2.6698832e+02   2.3022947e+02   1.6241450e+02   1.2217571e+02   5.2064783e+01   2.5878648e+01   1.4876067e+01   1.2821557e+01
   1.4464194e+06   3.7809971e+03   5.4093447e+03   4.5918021e+03   1.7254843e+03   4.1361020e+03   4.1128113e+03   1.7730453e+03   2.2951947e+03   2.3796887e+03   1.4443506e+03   1.8282754e+03   1.8775050e+03   1.0530608e+03   7.6261444e+02   5.7607002e+02   3.1874378e+02   3.1751876e+02   2.3825920e+02   1.2888075e+02   9.0036901e+01   4.4866046e+01   2.3656173e+01   1.1314047e+01   4.4383001e+00
   1.4492481e+06   3.8469659e+03   5.2403506e+03   4.9594884e+03   2.6683269e+03   4.0138344e+03   3.9779815e+03   2.3355181e+03   2.5759465e+03   1.9653090e+03   1.2472897e+03   1.9433765e+03   1.7117456e+03   6.3376721e+02   5.4899535e+02   5.5042438e+02   3.8413774e+02   2.7795336e+02   2.0046818e+02   1.5310598e+02   1.1406776e+02   5.6529985e+01   2.3316627e+01   1.8781068e+01   1.7282860e+01
   1.4512334e+06   3.4863464e+03   5.3367575e+03   4.5556507e+03   2.0267013e+03   4.0244848e+03   4.0327952e+03   1.8435858e+03   2.2213220e+03   2.1562903e+03   1.3244578e+03   2.1467586e+03   1.8524576e+03   6.6524408e+02   6.9545801e+02   5.3919723e+02   2.6121099e+02   2.9518459e+02   2.3660345e+02   1.1648537e+02   8.8345416e+01   6.3660312e+01   3.0546623e+01   1.9367254e+01   1.1998688e+01
   1.4522282e+06   4.2939515e+03   4.8724236e+03   4.5393607e+03   2.0574659e+03   3.8677884e+03   3.8252771e+03   1.5694924e+03   1.9575356e+03   2.1879813e+03   1.4946860e+03   1.6590307e+03   1.6247286e+03   9.8303833e+02   7.4551469e+02   5.2735346e+02   2.8115301e+02   2.5255444e+02   2.2762414e+02   1.1728150e+02   1.0763995e+02   6.4273572e+01   2.1364447e+01   1.5236251e+01   1.3951132e+01
   1.4512587e+06   2.7193269e+03   4.3705456e+03   4.4658535e+03   1.9828368e+03   3.7196021e+03   3.8488834e+03   1.7594381e+03   1.9197173e+03   2.0766472e+03   1.4622670e+03   1.8723737e+03   1.6291475e+03   5.8022032e+02   6.8843951e+02   6.9196822e+02   4.4797292e+02   3.3074322e+02   1.9276712e+02   9.0723169e+01   7.3702218e+01   4.4400366e+01   1.8493690e+01   1.3574621e+01   8.5828788e+00
   1.4537753e+06   3.9217550e+03   5.2925511e+03   5.0734443e+03   2.5165865e+03   3.9811620e+03   3.5164786e+03   1.8953928e+03   2.1367157e+03   1.9489920e+03   1.2215470e+03   1.2667770e+03   1.2440524e+03   7.6351022e+02   7.8275849e+02   5.4823616e+02   2.7348478e+02   2.6471031e+02   1.8074720e+02   1.1055539e+02   9.4991253e+01   4.8951607e+01   1.2873614e+01   1.1814532e+01   1.5358014e+01
   1.4536925e+06   5.2039714e+03   5.7929769e+03   4.9024791e+03   1.9540804e+03   3.0093242e+03   3.5948447e+03   2.0222479e+03   2.0805723e+03   1.7410760e+03   8.4189559e+02   1.2877249e+03   1.4355348e+03   8.5431324e+02   7.3643796e+02   6.2349471e+02   2.6886753e+02   1.8449668e+02   1.6589422e+02   7.6667966e+01   7.5648904e+01   5.9011039e+01   2.5057023e+01   2.2612762e+01   1.9501929e+01
   1.4513514e+06   2.6869082e+03   4.8156074e+03   5.2412403e+03   2.7599895e+03   4.0643607e+03   3.9555672e+03   1.9607346e+03   2.4910833e+03   2.4706841e+03   1.2714268e+03   1.7508313e+03   1.7378582e+03   6.4615712e+02   6.2872445e+02   5.7656724e+02   3.6124066e+02   3.1089871e+02   1.9349419e+02   1.0882933e+02   9.8082538e+01   5.2677180e+01   2.2205078e+01   2.3090758e+01   1.9683799e+01
   1.4506767e+06   4.1175817e+03   5.2050928e+03   4.6367149e+03   2.3363272e+03   4.0194230e+03   4.2953518e+03   2.2182978e+03   2.4172721e+03   2.0699354e+03   1.2906002e+03   1.9178109e+03   1.5276047e+03   6.3551250e+02   7.0900873e+02   5.4088961e+02   2.8359260e+02   2.5892124e+02   1.4901814e+02   7.7447286e+01   7.2790716e+01   4.5180504e+01   2.0124541e+01   1.1302159e+01   6.2209392e+00
   1.4526224e+06   4.6029321e+03   6.4251997e+03   5.4131135e+03   3.3061435e+03   4.3614745e+03   4.0880642e+03   2.3641935e+03   2.3800263e+03   1.8387490e+03   9.0844126e+02   1.4908962e+03   1.5797167e+03   7.3803348e+02   7.8793050e+02   6.6066093e+02   3.1615901e+02   3.2344544e+02   2.3814700e+02   1.2543261e+02   1.0113145e+02   5.0987677e+01   3.2961335e+01   2.7133065e+01   2.4718040e+01
   1.4535138e+06   5.3769700e+03   6.4291256e+03   4.2640575e+03   1.7022107e+03   4.1186634e+03   3.7099011e+03   1.7932639e+03   2.3865548e+03   1.9570154e+03   1.3914362e+03   2.4908957e+03   2.0739215e+03   6.0505999e+02   4.9574661e+02   4.9172376e+02   3.1708911e+02   3.2273951e+02   2.4719352e+02   8.6398493e+01   8.0911753e+01   6.0717144e+01   2.3832989e+01   1.5467155e+01   1.1491363e+01
   1.4523085e+06   4.9683392e+03   6.2795900e+03   4.8084786e+03   2.0768025e+03   3.3580526e+03   3.3991781e+03   2.1077375e+03   2.1608792e+03   1.9269893e+03   1.2738570e+03   1.8145785e+03   1.7665683e+03   7.4584268e+02   7.3850502e+02   6.3276967e+02   2.7446911e+02   2.8962428e+02   2.5502525e+02   1.4012407e+02   8.9657071e+01   5.1967433e+01   1.7194410e+01   1.2556918e+01   9.5707787e+00
   1.4488986e+06   4.6595821e+03   5.1699530e+03   4.9081650e+03   1.9553373e+03   3.2096038e+03   3.5964190e+03   2.0375018e+03   2.2919063e+03   1.9688630e+03   1.2501201e+03   1.6346010e+03   1.2930708e+03   5.8183692e+02   5.7896254e+02   4.7760734e+02   3.0498091e+02   2.5062175e+02   1.8568674e+02   1.1569484e+02   9.3674487e+01   5.2928884e+01   2.3683531e+01   2.0857398e+01   2.0847639e+01
   1.4468402e+06   4.2947763e+03   5.5530681e+03   4.3739729e+03   1.2870349e+03   3.0117778e+03   2.9178741e+03   1.3874830e+03   2.1222357e+03   1.7545375e+03   9.6947881e+02   1.6802665e+03   1.4037720e+03   4.8380870e+02   4.8613124e+02   3.6100707e+02   1.5238436e+02   2.8206909e+02   2.3139958e+02   9.9392210e+01   8.3421562e+01   4.5981460e+01   1.8202102e+01   1.4374152e+01   1.1445226e+01
   1.4512518e+06   4.5864843e+03   5.1559741e+03   4.2880536e+03   2.1339187e+03   4.1800808e+03   4.1582358e+03   1.7167255e+03   1.3686511e+03   1.2986424e+03   1.0877888e+03   1.7882476e+03   1.4329496e+03   6.7339409e+02   6.8546438e+02   5.0473595e+02   3.1502340e+02   2.8975187e+02   2.0017510e+02   9.4572127e+01   9.0969404e+01   6.7885085e+01   3.0881016e+01   2.6182250e+01   2.4495006e+01
   1.4505862e+06   3.3328150e+03   4.0103142e+03   3.8707402e+03   1.5743979e+03   3.0258034e+03   2.8229800e+03   1.3312119e+03   2.4555503e+03   2.1355377e+03   1.0209048e+03   1.4685138e+03   1.2661026e+03   4.7241278e+02   5.4369919e+02   4.9782017e+02   3.0081234e+02   2.5944225e+02   1.8503343e+02   1.1248779e+02   8.3352692e+01   5.4719721e+01   2.3770196e+01   1.5642280e+01   1.1656922e+01
   1.4486200e+06   3.3686294e+03   5.3071611e+03   4.5220412e+03   1.4464722e+03   2.7268739e+03   2.9517180e+03   1.4354190e+03   2.3454394e+03   2.1336181e+03   1.0598295e+03   1.6126516e+03   1.3906371e+03   6.3966612e+02   6.3645807e+02   5.0359533e+02   3.2223412e+02   3.1868709e+02   2.5617070e+02   1.3309410e+02   7.8637621e+01   4.2025176e+01   1.8085981e+01   1.2186084e+01   6.3230892e+00
   1.4528378e+06   3.3966585e+03   4.2984655e+03   4.2115578e+03   1.6289150e+03   3.6600650e+03   4.3044107e+03   2.2635314e+03   2.3769477e+03   1.8115807e+03   9.0652683e+02   1.5021715e+03   1.2053325e+03   5.7765635e+02   6.8005767e+02   4.4245703e+02   2.6342478e+02   2.1770228e+02   1.6018855e+02   7.4405373e+01   5.5671313e+01   4.1838754e+01   1.9541526e+01   1.5295039e+01   1.0430876e+01
   1.4522266e+06   4.4412666e+03   5.3660188e+03   5.2155749e+03   2.0400032e+03   3.0601268e+03   3.4023373e+03   1.8154179e+03   2.3755474e+03   2.5086828e+03   1.1777761e+03   1.3903587e+03   1.3961946e+03   7.6715236e+02   7.1588585e+02   4.9379059e+02   3.5525743e+02   2.6251548e+02   1.6698227e+02   9.4154677e+01   5.8312741e+01   4.5493094e+01   2.3914985e+01   1.7186150e+01   1.3843718e+01
   1.4530854e+06   4.8454829e+03   6.1655691e+03   5.1723200e+03   2.4136174e+03   3.7663692e+03   3.2946070e+03   1.5104758e+03   2.1834523e+03   1.8075281e+03   1.0735308e+03   1.7159987e+03   1.6250700e+03   7.7879894e+02   7.1970878e+02   5.9111778e+02   3.2218964e+02   2.9205305e+02   2.2770295e+02   1.1894828e+02   7.7335000e+01   5.5523019e+01   3.2067801e+01   3.1377941e+01   3.9103933e+01
   1.4548714e+06   3.9905039e+03   5.1876683e+03   4.2128218e+03   2.3042380e+03   3.3299106e+03   2.6133278e+03   1.2364151e+03   1.9135877e+03   1.6230900e+03   9.9507793e+02   1.4302047e+03   1.2225231e+03   6.5744491e+02   6.5042954e+02   5.0062248e+02   2.6860450e+02   2.6815398e+02   2.1290696e+02   1.1072499e+02   8.6876763e+01   4.9162295e+01   1.6908419e+01   8.5609380e+00   3.8548537e+00
   1.4532480e+06   4.0865657e+03   5.0921137e+03   4.4838586e+03   1.9597088e+03   3.2066481e+03   3.1506212e+03   1.4124500e+03   2.0351508e+03   1.7447975e+03   1.0215859e+03   1.4544690e+03   1.3558110e+03   7.1279899e+02   6.0391055e+02   4.7513179e+02   3.4073731e+02   2.9210735e+02   1.9150614e+02   8.7502076e+01   8.1444869e+01   6.3416894e+01   3.2700079e+01   3.4045788e+01   3.3576023e+01
   1.4546737e+06   3.8046036e+03   6.1085406e+03   5.4782295e+03   2.0489737e+03   4.1502322e+03   4.2582686e+03   1.7789110e+03   1.9631032e+03   1.8433711e+03   1.1845875e+03   1.7092900e+03   1.6753250e+03   8.8046786e+02   8.7538480e+02   6.9576099e+02   2.9407116e+02   2.2653888e+02   2.3761013e+02   1.7145696e+02   1.1177270e+02   7.9854151e+01   2.9531472e+01   2.4149001e+01   2.8210318e+01
   1.4599406e+06   5.1742215e+03   6.1372523e+03   5.4224487e+03   2.1033675e+03   3.7445643e+03   3.9564600e+03   1.5659729e+03   2.0753704e+03   1.7943383e+03   6.4446336e+02   1.3927579e+03   1.3573960e+03   5.7783529e+02   5.9104237e+02   4.6165488e+02   2.6117553e+02   2.5812309e+02   1.8608324e+02   9.2861397e+01   7.5497066e+01   4.5734574e+01   1.6302455e+01   1.2371552e+01   1.2054377e+01
   1.4645288e+06   3.9498436e+03   5.0851895e+03   4.6253102e+03   2.0859726e+03   3.0543678e+03   2.5486711e+03   1.1126946e+03   2.1403075e+03   1.7821130e+03   7.3133125e+02   1.4073310e+03   1.3257714e+03   4.8834552e+02   4.5942075e+02   4.9682357e+02   2.8919048e+02   2.1142921e+02   1.5332312e+02   9.1698622e+01   8.5210715e+01   6.2153295e+01   3.6696337e+01   3.0283377e+01   2.3612834e+01
   1.4610802e+06   6.5301543e+03   7.2578506e+03   5.6718316e+03   2.6297960e+03   3.3654401e+03   2.9587499e+03   1.5797661e+03   2.1991934e+03   1.7932839e+03   1.0378200e+03   1.5252008e+03   1.4313837e+03   6.8182876e+02   6.0824533e+02   4.7353954e+02   3.0204824e+02   2.6131793e+02   1.7233919e+02   7.6251325e+01   6.8046653e+01   4.5095572e+01   1.9631210e+01   1.1071795e+01   1.0358317e+01
   1.4574636e+06   3.7205031e+03   5.4044692e+03   5.7127122e+03   2.4784987e+03   3.5832421e+03   3.5000328e+03   1.7141488e+03   2.4276967e+03   1.9718005e+03   9.3819086e+02   1.7945291e+03   1.4919950e+03   5.1652710e+02   5.4585290e+02   4.2238633e+02   2.4321949e+02   2.1255330e+02   1.7611828e+02   1.2834220e+02   9.3445084e+01   3.6847088e+01   2.2091731e+01   1.0957921e+01   3.2578199e+00
   1.4591595e+06   3.9249054e+03   5.0554757e+03   4.9625764e+03   2.2393740e+03   3.2544315e+03   3.0177187e+03   1.5689349e+03   2.6953171e+03   2.2018102e+03   7.2643735e+02   1.2569300e+03   1.2512270e+03   6.2379148e+02   6.8000644e+02   5.6154285e+02   2.5768070e+02   2.1410235e+02   1.9280927e+02   1.1518008e+02   9.1898599e+01   6.8293646e+01   3.7771605e+01   3.0275662e+01   3.1514515e+01
   1.4616057e+06   3.6065214e+03   4.4060515e+03   4.5041150e+03   2.1480535e+03   3.4481818e+03   3.1720736e+03   1.2130585e+03   1.8511317e+03   1.5873893e+03   9.4675990e+02   1.6007479e+03   1.4037434e+03   6.4873689e+02   4.6650425e+02   3.6848443e+02   2.7939822e+02   2.4025585e+02   1.7823364e+02   8.0182767e+01   7.4582184e+01   5.0719302e+01   2.4092981e+01   2.4044858e+01   2.2243329e+01
   1.4657667e+06   3.6839587e+03   5.2857963e+03   4.6902128e+03   1.7482492e+03   3.3673267e+03   3.3955019e+03   1.5458152e+03   1.9515922e+03   1.7340202e+03   1.0226225e+03   1.6508665e+03   1.4847987e+03   7.0885336e+02   6.5711050e+02   6.3892532e+02   3.6107544e+02   2.3560115e+02   1.9143830e+02   8.5505362e+01   8.6928952e+01   6.0026169e+01   2.8960893e+01   2.8691200e+01   3.1190546e+01
   1.4616766e+06   4.9029372e+03   6.0550205e+03   4.4088835e+03   1.7827073e+03   3.3813244e+03   3.1232858e+03   1.3190334e+03   2.1873326e+03   2.1532787e+03   1.1140055e+03   1.6689177e+03   1.6072004e+03   7.6863472e+02   7.1749403e+02   4.6042730e+02   2.5330188e+02   2.3889833e+02   2.1506764e+02   9.4628265e+01   7.0462693e+01   5.1578857e+01   2.0319010e+01   1.4442063e+01   1.0798221e+01
   1.4583629e+06   4.4730993e+03   4.5494109e+03   4.2978789e+03   2.5575293e+03   3.9327536e+03   3.1870883e+03   1.4060649e+03   2.2355520e+03   2.1189943e+03   1.0606643e+03   1.6239742e+03   1.4052380e+03   5.5604213e+02   7.3563773e+02   6.5888886e+02   2.5767601e+02   2.2435486e+02   1.9549573e+02   1.1700817e+02   8.5948226e+01   5.4524893e+01   2.5542172e+01   2.5699008e+01   2.2948246e+01
   1.4599848e+06   3.6373152e+03   4.9683811e+03   4.4598519e+03   1.4755077e+03   3.5524020e+03   3.2869696e+03   1.5844951e+03   2.4777421e+03   1.8431255e+03   9.6957253e+02   1.8513189e+03   1.6592674e+03   7.5510512e+02   6.8593762e+02   4.9838911e+02   2.8096846e+02   2.8689656e+02   2.6856157e+02   1.3131200e+02   7.8242504e+01   5.0033077e+01   1.7563112e+01   7.1870424e+00   2.9264471e+00
   1.4601658e+06   5.3411286e+03   5.2672289e+03   4.3291332e+03   1.8140329e+03   3.6811424e+03   3.4738484e+03   1.9223842e+03   2.6198232e+03   1.8423415e+03   8.8049407e+02   1.5379961e+03   1.6698771e+03   8.7131192e+02   6.2366592e+02   5.2551508e+02   3.1556006e+02   2.6788178e+02   2.1404429e+02   1.1123874e+02   8.6691860e+01   5.3977858e+01   2.8896478e+01   2.4097417e+01   2.3005439e+01
   1.4590341e+06   4.0635652e+03   4.5851019e+03   4.1992440e+03   2.5815197e+03   4.8246021e+03   4.2086989e+03   1.9339402e+03   2.1445419e+03   1.7525069e+03   1.1681828e+03   1.5218299e+03   1.3842122e+03   7.1616657e+02   8.2359348e+02   6.5986087e+02   3.2535072e+02   2.7970943e+02   1.5834401e+02   9.0570491e+01   1.0457959e+02   7.3129438e+01   3.8922961e+01   1.6846763e+01   6.5439367e+00
   1.4603730e+06   6.1865098e+03   6.2362679e+03   4.3653254e+03   2.6557687e+03   4.3131948e+03   3.9829090e+03   1.3380013e+03   1.8382720e+03   1.9087277e+03   9.9887366e+02   1.5632431e+03   1.3781560e+03   5.0599775e+02   5.8986631e+02   6.4522471e+02   4.4265087e+02   2.9760723e+02   2.0910835e+02   1.0499846e+02   7.3474382e+01   5.2416625e+01   2.9926376e+01   2.5332784e+01   2.1122451e+01
   1.4615857e+06   4.4696716e+03   5.4745611e+03   5.1368869e+03   2.3027986e+03   3.9965663e+03   4.5529574e+03   2.4906912e+03   2.5039973e+03   2.0999479e+03   9.7214357e+02   1.5618612e+03   1.5583256e+03   5.9679613e+02   5.5879110e+02   5.2884793e+02   3.1880914e+02   2.3975577e+02   2.0511430e+02   1.2555935e+02   8.9955991e+01   6.2788869e+01   4.0780694e+01   3.5571324e+01   3.4644246e+01
   1.4500879e+06   4.5125679e+03   4.6794855e+03   4.9684217e+03   2.4704445e+03   3.5582674e+03   4.1017520e+03   1.9554677e+03   1.8217834e+03   2.0653158e+03   1.1678087e+03   1.5216405e+03   1.4727033e+03   6.6527288e+02   7.2664957e+02   5.2249840e+02   2.6876066e+02   2.6244807e+02   1.9231648e+02   9.1124411e+01   7.3496736e+01   5.7780946e+01   3.3996821e+01   2.4593683e+01   2.4366209e+01
   1.4512809e+06   5.1064871e+03   6.6847699e+03   6.1814291e+03   2.7383767e+03   3.3576409e+03   3.3330405e+03   1.0327036e+03   1.6604355e+03   2.1127803e+03   1.4201862e+03   1.9315257e+03   1.5475177e+03   6.2753580e+02   5.8827113e+02   4.6659543e+02   3.3796623e+02   3.0291104e+02   2.2603234e+02   9.0258222e+01   6.8446774e+01   5.6771820e+01   3.6965005e+01   3.2920328e+01   3.1482115e+01
   1.4503666e+06   4.5263687e+03   6.1272026e+03   4.9519892e+03   1.9420057e+03   4.2470661e+03   4.4354105e+03   2.1270019e+03   2.2005606e+03   1.8274442e+03   1.1233711e+03   1.5412344e+03   1.4584059e+03   6.1280923e+02   6.2539372e+02   5.8888739e+02   3.9301096e+02   3.2333729e+02   2.0129258e+02   1.2371547e+02   1.0205171e+02   5.9790201e+01   1.8126065e+01   1.0929513e+01   3.2923247e+00
   1.4533478e+06   5.1234339e+03   4.0378387e+03   4.2332561e+03   2.3700535e+03   3.4641883e+03   3.5742693e+03   2.0727164e+03   2.4678397e+03   1.9322692e+03   1.0719399e+03   1.4182399e+03   1.2019454e+03   7.0580154e+02   6.4633528e+02   4.7879143e+02   2.9294093e+02   2.4930994e+02   1.8842424e+02   1.1940932e+02   1.0497166e+02   6.3767249e+01   2.8494321e+01   2.2214284e+01   1.6888794e+01
   1.4478905e+06   3.5651776e+03   4.3644039e+03   4.1913792e+03   2.3404949e+03   3.8158072e+03   3.4007833e+03   1.6748850e+03   2.5989600e+03   2.2765495e+03   1.2050586e+03   1.4087075e+03   1.4120100e+03   8.9308309e+02   7.4579525e+02   5.6601584e+02   3.4489385e+02   2.7681291e+02   2.1322546e+02   6.6409584e+01   4.9651741e+01   3.7477470e+01   1.1646498e+01   1.0943215e+01   6.8972333e+00
   1.4510094e+06   4.2261965e+03   5.4386129e+03   4.0452495e+03   2.0315971e+03   3.7614636e+03   3.3123369e+03   1.0868835e+03   2.0303995e+03   2.0779635e+03   9.4438969e+02   1.3271177e+03   1.1457498e+03   4.2927260e+02   5.1189722e+02   5.1656357e+02   3.1551930e+02   2.4246158e+02   1.5892737e+02   1.0050599e+02   8.2393812e+01   4.8660036e+01   1.7626735e+01   1.2551738e+01   8.7530890e+00
   1.4525049e+06   3.5061002e+03   5.4619520e+03   4.8351454e+03   2.1196474e+03   4.1030979e+03   3.6469846e+03   1.2902757e+03   2.0161615e+03   1.8637964e+03   1.0153951e+03   1.5863892e+03   1.2906422e+03   4.6175533e+02   5.2587700e+02   4.8955855e+02   2.3632414e+02   2.2310285e+02   1.6663449e+02   8.5555136e+01   8.0422852e+01   4.7310024e+01   1.8129761e+01   9.3669147e+00   6.7733593e+00
   1.4523562e+06   6.9950600e+03   6.1035215e+03   4.5773392e+03   2.7791998e+03   4.2088015e+03   3.6984058e+03   1.9042692e+03   2.4080765e+03   1.8464266e+03   8.3627851e+02   1.5712311e+03   1.5686406e+03   5.8740589e+02   6.5634737e+02   5.4921029e+02   2.4609005e+02   2.3912561e+02   1.8714556e+02   7.7786751e+01   6.4143461e+01   4.4787037e+01   2.1974874e+01   1.0497685e+01   6.9106558e+00
   1.4464565e+06   4.8781472e+03   6.6251585e+03   5.5267699e+03   2.3653254e+03   3.6665148e+03   3.5203275e+03   1.5805353e+03   2.0338734e+03   1.9982873e+03   1.0591963e+03   1.6748752e+03   1.5099834e+03   6.3003444e+02   7.0202157e+02   6.0854223e+02   3.4109243e+02   2.3169892e+02   1.6324631e+02   9.2005116e+01   7.6049731e+01   4.6760407e+01   1.7809750e+01   1.2499463e+01   1.0790814e+01
   1.4489222e+06   5.7552923e+03   6.1872634e+03   5.4704863e+03   2.0838357e+03   3.4001776e+03   3.1156710e+03   1.1858785e+03   2.4078559e+03   2.4365612e+03   1.2132095e+03   1.8239312e+03   1.6650123e+03   7.1173638e+02   6.1373834e+02   5.0104694e+02   3.3734386e+02   2.5190234e+02   1.7248850e+02   1.2476774e+02   9.4249701e+01   6.0237066e+01   3.8594829e+01   4.2274726e+01   3.9346435e+01
   1.4478925e+06   4.8009790e+03   5.1721261e+03   3.8222206e+03   1.4675876e+03   3.5875417e+03   3.5752708e+03   1.4657941e+03   2.0972953e+03   1.8728919e+03   9.3493499e+02   1.4085953e+03   1.1858735e+03   5.5921321e+02   6.5861390e+02   5.2328241e+02   2.2196353e+02   2.1255272e+02   1.8103347e+02   9.2405919e+01   8.0343610e+01   4.2596557e+01   1.9055203e+01   1.1615528e+01   4.1745356e+00
   1.4459828e+06   3.5233472e+03   5.6104529e+03   4.8490454e+03   1.9000154e+03   3.3746734e+03   3.3991662e+03   1.7739395e+03   2.0196064e+03   1.7538558e+03   9.2911271e+02   1.3787781e+03   1.2883707e+03   5.2565680e+02   6.5316620e+02   5.9146156e+02   3.2357469e+02   2.3270280e+02   1.2728401e+02   1.0121850e+02   1.0816039e+02   6.9887140e+01   4.3566916e+01   3.9037372e+01   3.3370054e+01
   1.4425385e+06   3.7152822e+03   4.7873244e+03   4.1279724e+03   1.5193251e+03   3.2621796e+03   3.1973886e+03   1.0709362e+03   1.4337707e+03   1.4448183e+03   6.7207347e+02   1.2686175e+03   1.3140686e+03   5.6618110e+02   5.4858579e+02   4.8618188e+02   2.6668084e+02   2.3870771e+02   2.0867728e+02   1.1696878e+02   9.8828254e+01   5.1310979e+01   1.4280861e+01   1.1202805e+01   4.2355427e+00
   1.4377257e+06   4.0564067e+03   5.0314864e+03   4.4448680e+03   2.5198910e+03   4.1108546e+03   4.0425529e+03   2.2445784e+03   2.5267191e+03   2.2630537e+03   1.4638375e+03   2.0540694e+03   1.8154249e+03   9.8918252e+02   8.0898176e+02   5.4281056e+02   3.5412759e+02   2.7163647e+02   1.8738380e+02   1.2316749e+02   9.4764284e+01   4.2721515e+01   2.3356484e+01   1.4921315e+01   7.8551186e+00
   1.4462897e+06   4.0096513e+03   5.9673094e+03   5.1783228e+03   2.5264283e+03   4.2239784e+03   3.7192560e+03   1.5594077e+03   2.0358443e+03   2.1913510e+03   1.2832421e+03   1.5056588e+03   1.4198080e+03   7.5812655e+02   7.2684937e+02   6.5444430e+02   3.2548345e+02   2.4635558e+02   1.6558833e+02   8.1941362e+01   8.4440349e+01   5.5743623e+01   1.8176544e+01   9.0226262e+00   4.6901423e+00
   1.4466337e+06   6.4870070e+03   6.3492925e+03   4.5548922e+03   2.6482272e+03   3.6160842e+03   3.1008815e+03   1.4317182e+03   1.9118899e+03   2.0254248e+03   1.2495227e+03   1.6473757e+03   1.5004102e+03   7.4168722e+02   7.0208284e+02   6.0665340e+02   4.8873515e+02   3.4687206e+02   2.3475123e+02   1.3128306e+02   8.7590098e+01   6.5409724e+01   2.5549359e+01   1.3926424e+01   9.7045656e+00
   1.4451700e+06   4.2543065e+03   4.9189008e+03   4.4439049e+03   2.6569663e+03   3.6921475e+03   3.0842942e+03   1.1183731e+03   2.0877586e+03   2.1405054e+03   1.0430309e+03   1.6439485e+03   1.4625312e+03   4.9730301e+02   5.5317380e+02   5.1018364e+02   2.5751091e+02   2.6520927e+02   2.0655078e+02   1.2916799e+02   1.0503885e+02   4.7465747e+01   2.0466269e+01   9.4186109e+00   2.7225821e+00
   1.4458582e+06   5.2768669e+03   5.4375768e+03   4.5793886e+03   2.1283968e+03   3.1120493e+03   2.5607131e+03   1.5153004e+03   2.2647735e+03   1.4873537e+03   6.5193791e+02   1.5914843e+03   1.4726662e+03   4.7847652e+02   5.1815257e+02   4.0992028e+02   2.0768296e+02   2.5081394e+02   2.3293299e+02   1.1338634e+02   7.6718963e+01   5.2890729e+01   2.3172261e+01   1.8087627e+01   1.6220964e+01
   1.4474820e+06   4.2361800e+03   6.0189780e+03   5.4436876e+03   2.6730296e+03   3.6957577e+03   3.6529308e+03   1.8130304e+03   2.2460492e+03   2.3726358e+03   1.6391934e+03   1.6173877e+03   1.3371033e+03   6.3019774e+02   6.0021394e+02   4.9721553e+02   2.3610595e+02   2.4745516e+02   1.8706989e+02   1.0656372e+02   9.0928098e+01   5.4266262e+01   2.3732477e+01   1.7872320e+01   1.4269833e+01
   1.4453508e+06   3.7123915e+03   5.9350636e+03   4.8359425e+03   2.3068574e+03   3.4768403e+03   2.8640054e+03   1.3246297e+03   1.8602963e+03   1.7735974e+03   1.0673619e+03   1.7289315e+03   1.6708635e+03   7.1442833e+02   7.8068394e+02   6.9626878e+02   3.9270610e+02   2.7590099e+02   2.0272630e+02   1.1561419e+02   8.8495861e+01   5.4832146e+01   3.0359076e+01   2.5224483e+01   2.4672602e+01
