   9.5617760e+05   2.8638169e+03   4.4918661e+03   3.9140883e+03   1.4192528e+03   2.3460731e+03   2.3612847e+03   1.7474527e+03   1.9623365e+03   1.3483888e+03   6.8413714e+02   9.2648151e+02   8.7975889e+02   3.6223174e+02   3.1963306e+02   2.9215786e+02   1.8524296e+02   1.8406718e+02   1.4585642e+02   8.4965303e+01   5.2968976e+01   3.6052361e+01   1.8397349e+01   6.9696165e+00   4.2840277e+00
   9.5110757e+05   2.3898290e+03   4.5512833e+03   4.5947741e+03   1.4733577e+03   2.7997468e+03   2.9111840e+03   1.2318572e+03   1.4560838e+03   1.2340114e+03   7.1439929e+02   9.3307962e+02   8.8117359e+02   5.1476292e+02   3.6613028e+02   2.7751128e+02   2.4033248e+02   1.6818635e+02   1.1848691e+02   7.6717303e+01   5.2828574e+01   3.3026674e+01   1.7984327e+01   1.5883988e+01   1.6804964e+01
   9.4567613e+05   1.8410627e+03   4.5462908e+03   4.2584993e+03   1.3579018e+03   2.5096286e+03   2.2659858e+03   9.8228060e+02   1.2712145e+03   1.2352049e+03   6.8979085e+02   7.9323887e+02   7.3311456e+02   3.9696636e+02   3.9044669e+02   3.2305436e+02   1.9102975e+02   1.7340053e+02   1.1405917e+02   6.3755140e+01   4.7117316e+01   2.6247518e+01   1.0854745e+01   7.4979580e+00   6.7745851e+00
   9.4361019e+05   1.9829318e+03   4.4459217e+03   4.1675761e+03   1.2121793e+03   2.5430482e+03   2.3764472e+03   6.2496379e+02   1.0575932e+03   1.2027479e+03   6.3518276e+02   8.6454526e+02   8.3644128e+02   4.2294107e+02   3.6761631e+02   3.0831838e+02   2.2725763e+02   1.7278483e+02   1.0433300e+02   6.4737394e+01   5.3572522e+01   3.3532594e+01   1.9427132e+01   1.2918891e+01   9.9169818e+00
   9.4395230e+05   2.4725568e+03   4.7259245e+03   4.4566214e+03   1.6885207e+03   2.4985920e+03   2.3789011e+03   1.2137813e+03   1.5252576e+03   1.2786202e+03   5.5750150e+02   7.2248244e+02   6.5210616e+02   3.9061273e+02   4.4966857e+02   3.6828113e+02   2.1058991e+02   1.4594711e+02   1.0906835e+02   5.3472486e+01   5.3936888e+01   3.9408521e+01   1.8011259e+01   1.6734122e+01   1.7393830e+01
   9.3927255e+05   1.9522305e+03   5.1465613e+03   4.9639560e+03   1.1962360e+03   2.4198757e+03   2.4534765e+03   7.9936397e+02   1.3505978e+03   1.2145595e+03   6.0764090e+02   1.0165452e+03   9.3400648e+02   4.8818663e+02   4.0050772e+02   3.2146567e+02   2.4398408e+02   1.8706208e+02   1.2069510e+02   6.1058277e+01   4.4813058e+01   3.4966669e+01   2.4999501e+01   2.0657016e+01   1.9092933e+01
   9.4630092e+05   2.4402241e+03   4.4508901e+03   4.4437624e+03   1.5552246e+03   2.3724572e+03   1.9437512e+03   6.4670894e+02   1.3363267e+03   1.2920521e+03   7.0698957e+02   8.2249013e+02   8.4624633e+02   4.7314456e+02   3.0640837e+02   2.3257640e+02   1.8571748e+02   1.9091971e+02   1.2439231e+02   6.6899188e+01   3.9020134e+01   1.9704758e+01   1.1097102e+01   7.2023979e+00   4.0499812e+00
   9.4947736e+05   2.4073459e+03   4.6244579e+03   3.9808167e+03   1.4574485e+03   2.7660260e+03   2.5070623e+03   9.4763829e+02   1.0848572e+03   1.1785710e+03   7.0638939e+02   7.7096924e+02   6.7804592e+02   4.3107384e+02   4.6343649e+02   3.5344158e+02   1.8598221e+02   1.8599753e+02   1.3294244e+02   6.5539991e+01   6.2235322e+01   3.9966686e+01   1.7163082e+01   1.3619254e+01   1.3034344e+01
   9.5247083e+05   3.5098598e+03   5.8414294e+03   5.1730581e+03   1.8293377e+03   2.8957401e+03   2.6550734e+03   1.2964798e+03   1.6558863e+03   1.2572108e+03   5.3633023e+02   8.2999527e+02   8.7980390e+02   5.3051857e+02   4.7488211e+02   3.5080010e+02   2.0991427e+02   1.3503773e+02   9.1038444e+01   6.9198824e+01   4.5518353e+01   2.2856331e+01   1.0316792e+01   8.3333356e+00   6.3161576e+00
   9.4510700e+05   6.8168333e+03   9.8721969e+03   7.4271819e+03   2.9534019e+03   3.7109118e+03   3.3532635e+03   1.6738413e+03   1.9320302e+03   1.9704955e+03   1.1659195e+03   1.1076699e+03   1.1524378e+03   8.1338237e+02   5.5111822e+02   3.5835976e+02   2.0417874e+02   1.6649849e+02   1.4396305e+02   9.2316840e+01   7.8175064e+01   6.0426503e+01   4.1748355e+01   4.5190280e+01   4.7138218e+01
   9.4847795e+05   4.0871997e+03   6.2775473e+03   7.5844155e+03   3.7402519e+03   3.5266491e+03   3.7162761e+03   2.5938074e+03   2.4199028e+03   1.4282213e+03   1.1001168e+03   1.2436209e+03   1.0243719e+03   7.8445467e+02   6.7208820e+02   4.8777858e+02   2.8081869e+02   1.8277608e+02   1.6264174e+02   1.2594685e+02   9.5013420e+01   4.4738229e+01   2.3838352e+01   1.0359603e+01   5.6952851e+00
   9.6010150e+05   5.5596824e+03   9.0425692e+03   9.1785362e+03   5.5413113e+03   4.1771942e+03   3.4174985e+03   2.2349190e+03   2.3044031e+03   2.0890430e+03   1.2589799e+03   1.1052289e+03   9.8528801e+02   7.0171750e+02   6.8003078e+02   5.4232743e+02   4.1898455e+02   4.3792101e+02   2.9430676e+02   1.4561824e+02   7.4453908e+01   4.4501396e+01   3.1475754e+01   1.5865554e+01   1.1002611e+01
   9.6297122e+05   8.8287166e+03   9.3215245e+03   6.9247785e+03   3.6033670e+03   5.3076372e+03   5.2595453e+03   4.0322493e+03   3.2204291e+03   2.2713437e+03   1.8183060e+03   1.5654366e+03   1.3688724e+03   1.0770663e+03   9.7331760e+02   9.4163351e+02   6.2415833e+02   3.9014242e+02   2.8216852e+02   1.9151420e+02   1.4955478e+02   1.2537375e+02   1.0746026e+02   9.5903756e+01   9.4148781e+01
   1.0073182e+06   6.3084823e+03   8.7669530e+03   8.6877119e+03   4.3000714e+03   4.2188506e+03   3.7757916e+03   1.6946532e+03   1.4750257e+03   1.5106617e+03   8.4301556e+02   8.9035773e+02   1.1204491e+03   8.3931780e+02   6.9664952e+02   5.3088062e+02   4.4742434e+02   3.3533051e+02   2.1675368e+02   1.8645100e+02   1.9198450e+02   1.5279010e+02   1.3599464e+02   1.4079454e+02   1.3684917e+02
   1.0353423e+06   3.2166584e+03   6.2157220e+03   4.9546842e+03   2.1221064e+03   3.1432640e+03   2.5372696e+03   1.3611123e+03   2.0338966e+03   1.7227893e+03   7.0173990e+02   9.1510592e+02   1.0955011e+03   7.9548623e+02   6.9404007e+02   4.8974736e+02   3.1828107e+02   2.3205277e+02   1.8171725e+02   1.2412051e+02   7.8780259e+01   7.6244931e+01   5.9309287e+01   6.2421400e+01   6.1864634e+01
   1.0549216e+06   2.9835805e+03   5.6989927e+03   7.0367091e+03   4.0832397e+03   4.0299856e+03   3.0045209e+03   1.6663795e+03   1.9350776e+03   1.8907148e+03   1.1490650e+03   1.0940018e+03   1.5282295e+03   1.3308038e+03   8.5753927e+02   5.8008610e+02   4.9761504e+02   3.9126732e+02   2.1866866e+02   1.3540731e+02   1.0596382e+02   8.1933845e+01   7.6176612e+01   7.4719177e+01   7.4566104e+01
   1.0658916e+06   1.4620403e+04   1.0143744e+04   7.4908897e+03   3.9727575e+03   3.9288349e+03   3.4274380e+03   1.9859597e+03   2.5598698e+03   2.1700599e+03   9.9230258e+02   1.3274117e+03   1.2054898e+03   7.1083406e+02   5.9332733e+02   4.4658706e+02   4.1115557e+02   2.5289068e+02   1.4079497e+02   1.3823651e+02   1.1571304e+02   9.2672213e+01   8.5270793e+01   8.9316213e+01   8.7709631e+01
   9.8998482e+05   2.8528662e+03   5.6252493e+03   5.5317082e+03   2.3014474e+03   3.6405308e+03   3.3782728e+03   1.2041776e+03   1.7788131e+03   2.3672853e+03   1.8450250e+03   1.8242047e+03   1.4193922e+03   7.1171009e+02   7.0937450e+02   6.8589175e+02   4.0176327e+02   3.3960855e+02   2.2817466e+02   9.6591596e+01   6.1544740e+01   5.6466449e+01   4.7658483e+01   3.1978116e+01   2.8654022e+01
   1.0310490e+06   1.0018981e+04   1.0378161e+04   7.4379683e+03   2.8367160e+03   4.1348392e+03   4.1936475e+03   2.4880693e+03   2.7330501e+03   2.3856713e+03   1.5569304e+03   1.5500515e+03   1.4254090e+03   9.9766132e+02   9.8911890e+02   7.7071367e+02   4.3937218e+02   4.1724453e+02   2.4172577e+02   1.8987254e+02   1.8393173e+02   1.3965560e+02   1.2334436e+02   1.2351967e+02   1.2022828e+02
   1.1073474e+06   9.5164343e+03   1.1551654e+04   9.5394279e+03   4.7063719e+03   5.8853186e+03   5.8362694e+03   3.5434748e+03   3.5274965e+03   3.3954958e+03   2.3040869e+03   1.9416322e+03   1.4498952e+03   1.1088332e+03   8.9228149e+02   7.4353941e+02   4.7479526e+02   3.3444399e+02   2.5900584e+02   1.9460309e+02   1.4176734e+02   1.1692600e+02   1.1810224e+02   1.0720829e+02   1.0210990e+02
   1.0631737e+06   4.5603881e+03   7.3197268e+03   6.4475483e+03   3.1530128e+03   4.0240595e+03   3.4696917e+03   1.6651616e+03   1.5600921e+03   1.5658100e+03   1.1106452e+03   1.1904601e+03   9.3762048e+02   5.6598983e+02   6.8894517e+02   5.4580007e+02   3.2319777e+02   2.5908924e+02   1.8920077e+02   1.0801656e+02   7.5082479e+01   4.8261150e+01   2.8408959e+01   3.1324141e+01   3.0912524e+01
   1.0461555e+06   5.1146035e+03   6.3191026e+03   5.3204827e+03   2.0472703e+03   3.3831265e+03   3.2572265e+03   1.2803426e+03   1.3867702e+03   1.2253141e+03   8.5793778e+02   1.1974393e+03   1.0340500e+03   6.3962231e+02   5.3599849e+02   2.9815748e+02   2.0559461e+02   2.4869705e+02   1.9853257e+02   9.6868516e+01   5.4640013e+01   4.0204053e+01   3.0329463e+01   2.8604011e+01   2.6337050e+01
   1.0609931e+06   6.1193978e+03   5.2188593e+03   5.9773369e+03   3.4651458e+03   3.8692254e+03   3.0477764e+03   1.3135194e+03   2.0866851e+03   1.9332892e+03   1.0031361e+03   1.2316467e+03   1.1104018e+03   6.0969661e+02   5.3316275e+02   4.8663074e+02   3.1454214e+02   2.5228989e+02   1.7199066e+02   6.7825283e+01   5.8655038e+01   3.8606580e+01   1.9059122e+01   1.7273632e+01   1.5318443e+01
   1.0607564e+06   4.1141035e+03   6.5093153e+03   5.8731847e+03   2.2681899e+03   3.3845075e+03   3.0065629e+03   1.4006284e+03   1.6960312e+03   1.4782333e+03   1.0400316e+03   1.2557080e+03   9.3200134e+02   4.9586027e+02   5.1347498e+02   4.6886515e+02   3.5585571e+02   2.6159794e+02   1.4813540e+02   7.7361270e+01   6.6939839e+01   3.2321328e+01   1.8042656e+01   1.7199410e+01   1.7416741e+01
   1.0670725e+06   1.6291629e+04   9.5263068e+03   8.4152015e+03   4.3795561e+03   4.9555778e+03   3.8496491e+03   2.0503503e+03   3.4359018e+03   3.0664145e+03   1.8086780e+03   1.6494145e+03   1.2067793e+03   9.8155234e+02   1.0272445e+03   7.9716876e+02   5.1160343e+02   3.5245910e+02   2.6148558e+02   1.7854373e+02   1.2164540e+02   8.5167510e+01   6.6403136e+01   4.7439361e+01   4.8247378e+01
   1.0640796e+06   1.2205556e+04   9.1377323e+03   7.2537480e+03   3.3195478e+03   4.5545350e+03   5.1985636e+03   3.2246880e+03   3.1542289e+03   2.9320679e+03   2.3241113e+03   2.2356168e+03   1.5706810e+03   9.6227959e+02   7.3716929e+02   6.0077482e+02   4.1957084e+02   2.7009156e+02   1.9713553e+02   1.4922010e+02   8.3679277e+01   4.8461944e+01   2.1833758e+01   1.5258131e+01   1.7134768e+01
   1.0664275e+06   4.8726724e+03   6.9359943e+03   5.5721890e+03   1.6981101e+03   3.7732757e+03   3.8597305e+03   1.7010719e+03   1.9513063e+03   2.0611705e+03   1.6647070e+03   2.1102364e+03   1.6952331e+03   8.0266593e+02   4.9004011e+02   3.4662885e+02   3.7167050e+02   3.8663420e+02   2.3918247e+02   1.1903604e+02   8.6662020e+01   8.4902420e+01   6.3638260e+01   6.4961791e+01   6.7456531e+01
   1.0605260e+06   4.1892044e+03   6.7665884e+03   5.7610838e+03   2.5589312e+03   3.9750778e+03   3.8501724e+03   2.0292709e+03   1.9738931e+03   1.9356205e+03   1.3445552e+03   1.3023540e+03   1.0644772e+03   6.1773359e+02   6.5430643e+02   4.1258676e+02   2.8392400e+02   2.3317536e+02   1.9271502e+02   1.6188736e+02   1.3400760e+02   1.2481902e+02   1.1212632e+02   1.1071847e+02   1.0912835e+02
   1.0295215e+06   6.5591140e+03   6.6279939e+03   5.3164345e+03   2.2102103e+03   3.4949761e+03   3.0431933e+03   1.6998471e+03   2.0863710e+03   1.7819185e+03   1.2542290e+03   1.6540250e+03   1.4362631e+03   7.6045899e+02   7.4214679e+02   6.5837500e+02   3.8332737e+02   2.3776602e+02   1.8292977e+02   1.1872569e+02   8.5221749e+01   5.5779982e+01   2.3702758e+01   1.3423326e+01   1.1754294e+01
   1.0564084e+06   6.1495749e+03   7.2620055e+03   6.2065673e+03   2.9725194e+03   4.0075555e+03   3.0594290e+03   1.1026728e+03   1.7409516e+03   1.5647096e+03   1.0296678e+03   1.2997347e+03   1.2387831e+03   8.3959292e+02   7.8713249e+02   5.7565207e+02   2.9338279e+02   2.2652102e+02   1.6431988e+02   1.1403740e+02   5.8795305e+01   3.7398102e+01   3.4439179e+01   3.3572484e+01   3.0768793e+01
   1.0274207e+06   8.6896283e+03   8.9888010e+03   7.0898324e+03   4.8632672e+03   5.0544123e+03   4.0500480e+03   2.5932994e+03   2.6592410e+03   2.4309617e+03   2.1389450e+03   2.3056049e+03   1.5479844e+03   1.0829382e+03   6.2374809e+02   4.7858845e+02   4.1139136e+02   2.2607140e+02   1.6228921e+02   1.1501557e+02   7.3210076e+01   5.1804812e+01   3.5886853e+01   3.2380208e+01   2.7005721e+01
   1.0398470e+06   1.0134059e+04   8.2806038e+03   7.0419891e+03   4.3820910e+03   5.0647924e+03   4.6688545e+03   2.2581847e+03   2.1073813e+03   2.1088384e+03   1.5919386e+03   1.7747795e+03   1.7862448e+03   1.0795229e+03   7.1641913e+02   4.7694152e+02   3.2518814e+02   2.6506335e+02   2.1015056e+02   1.3789361e+02   8.5857343e+01   5.4870887e+01   3.0699505e+01   2.1409570e+01   2.0264798e+01
   1.0266159e+06   5.1573953e+03   6.0545681e+03   5.4377228e+03   2.4266155e+03   4.3550917e+03   4.1094774e+03   1.7613172e+03   1.9839047e+03   1.8964571e+03   1.1754786e+03   1.2235357e+03   1.2517209e+03   7.2989534e+02   5.2506213e+02   3.3982962e+02   2.9465402e+02   2.9991003e+02   1.8780785e+02   1.3793691e+02   8.3870309e+01   7.1063518e+01   8.5548919e+01   8.2385584e+01   8.2994640e+01
   1.0183075e+06   5.4773598e+03   7.6594695e+03   7.2185781e+03   2.3826237e+03   4.2458472e+03   4.2544881e+03   1.6990383e+03   1.9366214e+03   1.7765978e+03   1.1675299e+03   1.2030402e+03   9.4588800e+02   6.0801467e+02   7.1783652e+02   4.6619227e+02   2.6620342e+02   2.7114210e+02   1.9212354e+02   8.2777655e+01   4.6542932e+01   2.5091126e+01   1.7641001e+01   1.8118818e+01   1.6188063e+01
   1.0351362e+06   1.0820881e+04   1.0533038e+04   8.4773152e+03   4.6505018e+03   5.1954880e+03   4.2612924e+03   2.2463304e+03   2.3724990e+03   2.3758822e+03   1.7898389e+03   1.5100703e+03   1.3316853e+03   7.3961268e+02   6.5750794e+02   5.0294805e+02   4.5286817e+02   3.8842863e+02   1.7465237e+02   1.0709610e+02   1.1438451e+02   9.1066569e+01   6.1652749e+01   6.3695643e+01   6.1749807e+01
   1.0336892e+06   3.8922010e+03   5.6368116e+03   4.9997906e+03   1.8002551e+03   3.0789469e+03   3.3785173e+03   1.6873120e+03   1.9927722e+03   1.7800379e+03   7.5455239e+02   9.6327408e+02   9.2062551e+02   4.0751369e+02   3.6808728e+02   3.3554625e+02   2.5572394e+02   2.0708128e+02   1.4502013e+02   8.5207880e+01   7.3135096e+01   5.0227001e+01   3.3151933e+01   2.9471668e+01   2.8815860e+01
   1.0365383e+06   4.9816636e+03   7.5229114e+03   7.6825346e+03   3.0423055e+03   3.5456860e+03   3.3816433e+03   1.7048392e+03   2.2540499e+03   1.8138102e+03   8.0567857e+02   1.1884744e+03   1.0530922e+03   4.3370480e+02   4.1891548e+02   5.1149276e+02   5.2952585e+02   3.3188858e+02   1.8745101e+02   1.1873782e+02   5.4664145e+01   3.3741484e+01   2.2563367e+01   1.6474918e+01   1.4534562e+01
   1.0187106e+06   3.7508083e+03   6.2636934e+03   5.6769845e+03   1.7978974e+03   2.9198698e+03   2.7650209e+03   1.2151380e+03   1.8598891e+03   1.5680591e+03   6.6695271e+02   1.1314525e+03   9.4766559e+02   4.4473639e+02   3.6483678e+02   3.1472136e+02   2.4353258e+02   2.2274050e+02   1.8847784e+02   9.1371657e+01   5.5501973e+01   3.0636096e+01   1.3023237e+01   6.8691844e+00   4.8934595e+00
   1.0252505e+06   6.2418165e+03   8.2453749e+03   6.3891176e+03   2.6642411e+03   3.2973690e+03   2.9507333e+03   1.3386895e+03   1.4987227e+03   1.5994421e+03   9.4906605e+02   1.1639876e+03   1.0742971e+03   5.8244563e+02   5.8193558e+02   4.4631941e+02   2.9144238e+02   1.8286679e+02   1.7650491e+02   1.0212783e+02   5.9615636e+01   4.3731337e+01   1.7149243e+01   8.8112015e+00   3.2687437e+00
   1.0269535e+06   4.3184297e+03   6.5664909e+03   6.5340010e+03   2.9265469e+03   3.7637712e+03   3.3980871e+03   1.7690851e+03   2.0151603e+03   1.8455661e+03   1.1492867e+03   1.2219556e+03   9.5257574e+02   6.9959448e+02   5.9733474e+02   3.9871768e+02   3.0108243e+02   1.9928634e+02   1.2206778e+02   9.8765097e+01   6.6608315e+01   3.7929496e+01   1.9964266e+01   9.7691371e+00   5.1067429e+00
   1.0234749e+06   3.9667048e+03   6.0318369e+03   5.5401823e+03   1.3348054e+03   2.9034837e+03   3.0402156e+03   1.0859059e+03   1.3267948e+03   1.2287863e+03   5.7610942e+02   8.1361392e+02   9.1381302e+02   5.2855972e+02   4.9472960e+02   2.9687626e+02   1.6147364e+02   1.8499577e+02   1.4030196e+02   7.1648917e+01   5.3678392e+01   3.4692727e+01   1.1677177e+01   6.7454375e+00   3.2208399e+00
   1.0222483e+06   3.6104611e+03   5.3764621e+03   4.9752360e+03   1.3068195e+03   3.1059578e+03   3.1598709e+03   9.6810671e+02   1.3737388e+03   1.3677522e+03   7.2265818e+02   1.0615081e+03   9.1988527e+02   4.5969906e+02   4.3105204e+02   3.1869854e+02   1.8466857e+02   1.5912982e+02   1.2887087e+02   6.7162605e+01   5.2743950e+01   4.3168628e+01   4.0957960e+01   3.3393637e+01   2.9109244e+01
   1.0128005e+06   2.1683010e+03   6.1542252e+03   5.3977645e+03   1.4136235e+03   3.0198210e+03   2.7574536e+03   1.0149166e+03   1.5470732e+03   1.3931679e+03   9.9070546e+02   1.2046005e+03   9.4618349e+02   3.8301725e+02   3.2976457e+02   3.4978383e+02   2.2461494e+02   1.7860741e+02   1.2331228e+02   6.3718845e+01   5.7930665e+01   3.2092628e+01   1.7072075e+01   7.5839065e+00   3.7467524e+00
   1.0210530e+06   3.2149009e+03   5.6455071e+03   5.1354525e+03   1.3473290e+03   3.3924195e+03   3.1697630e+03   8.5253178e+02   1.5421903e+03   1.4605223e+03   5.0860126e+02   9.4789805e+02   1.0602284e+03   5.2734076e+02   4.6826083e+02   3.2487027e+02   1.8747851e+02   1.8292036e+02   1.5509677e+02   7.2797217e+01   5.8692639e+01   2.9581730e+01   8.7717062e+00   7.6155312e+00   4.6355287e+00
   1.0137430e+06   1.8799522e+03   5.1090332e+03   5.2476824e+03   1.9470446e+03   3.9342338e+03   3.6245198e+03   1.3877619e+03   1.5273942e+03   1.2682885e+03   6.3133727e+02   1.1362040e+03   1.0882981e+03   3.9769228e+02   4.8703652e+02   4.2788358e+02   2.1995004e+02   1.9710224e+02   1.2075728e+02   4.4708411e+01   5.0335034e+01   4.1862892e+01   1.9150014e+01   9.4276022e+00   6.6927467e+00
