   1.7054214e+06   1.2794156e+03   4.5209090e+03   4.6295327e+03   8.8387966e+02   2.5573083e+03   2.5847611e+03   5.9097060e+02   1.1389807e+03   1.1219523e+03   4.3399340e+02   9.1319480e+02   8.4650477e+02   3.0456496e+02   3.2130108e+02   2.7574742e+02   1.4638858e+02   1.3342971e+02   1.4513712e+02   7.6285562e+01   6.0261631e+01   6.3924278e+01   4.7566773e+01   4.7032848e+01   4.4046227e+01
   1.7061109e+06   1.4767675e+03   5.2515802e+03   4.8147733e+03   8.4966571e+02   2.6157535e+03   2.5528338e+03   6.1854999e+02   1.2095846e+03   1.1119311e+03   3.8920709e+02   7.6946437e+02   8.0051078e+02   2.8488389e+02   2.5744345e+02   2.2477435e+02   1.4978880e+02   1.5405324e+02   1.0648423e+02   6.3592235e+01   4.6029445e+01   2.7365001e+01   1.5463111e+01   1.8189452e+01   1.6101300e+01
   1.7076891e+06   2.0283284e+03   5.0543106e+03   4.6752622e+03   8.5135330e+02   2.5085087e+03   2.4890404e+03   6.2391815e+02   1.3026576e+03   1.2210502e+03   4.4867007e+02   8.2286199e+02   7.3666221e+02   2.1402310e+02   2.9893803e+02   2.8805899e+02   1.8067807e+02   1.3005140e+02   8.2616955e+01   3.9577755e+01   4.0390066e+01   2.5415999e+01   1.1364817e+01   8.3359262e+00   6.7308112e+00
   1.7116047e+06   2.2343345e+03   5.2806969e+03   4.8632601e+03   7.1767626e+02   2.5606777e+03   2.7046377e+03   7.4177437e+02   1.0687142e+03   1.1121012e+03   4.7500492e+02   8.3370530e+02   8.0804296e+02   2.0953076e+02   2.0179716e+02   2.4230346e+02   1.4839657e+02   9.9293897e+01   9.4649251e+01   5.0782995e+01   4.3038155e+01   3.3366150e+01   1.2207901e+01   8.5927740e+00   5.1222913e+00
   1.7084359e+06   1.1665742e+03   4.5432599e+03   4.5688839e+03   7.3383546e+02   2.3490802e+03   2.3902536e+03   5.0255081e+02   1.1605361e+03   1.1299315e+03   3.6806630e+02   8.4242031e+02   8.1215521e+02   2.2922802e+02   2.7637000e+02   2.7339561e+02   1.2377862e+02   1.1325638e+02   1.1516666e+02   5.4575215e+01   5.0714352e+01   4.4089683e+01   3.2666083e+01   2.9878178e+01   3.0208214e+01
   1.7042846e+06   1.1930100e+03   4.6502933e+03   4.6378958e+03   1.0342944e+03   2.5684433e+03   2.3808903e+03   5.7689395e+02   1.2344727e+03   1.2372626e+03   4.2404607e+02   8.1499474e+02   7.9313594e+02   2.4991205e+02   2.7069034e+02   2.0184233e+02   1.0722251e+02   1.3808465e+02   1.1522933e+02   5.7378362e+01   3.7780301e+01   2.2232563e+01   1.6127274e+01   1.5690894e+01   1.6453517e+01
   1.7121547e+06   1.7156449e+03   4.7977314e+03   4.6187483e+03   6.8491071e+02   2.6651454e+03   2.6491107e+03   6.2668944e+02   1.2353565e+03   1.1240175e+03   3.2195071e+02   8.3398826e+02   8.8722030e+02   2.4026418e+02   2.0143044e+02   1.7615360e+02   1.3148781e+02   1.4552032e+02   9.0031340e+01   3.4707719e+01   3.2650929e+01   2.5437470e+01   1.5112968e+01   1.2713033e+01   1.0539582e+01
   1.7055350e+06   2.2885574e+03   5.6343532e+03   5.0711297e+03   8.1677713e+02   2.3037183e+03   2.3706063e+03   6.1822518e+02   1.1635117e+03   1.0839668e+03   5.0890991e+02   1.0941003e+03   9.3285512e+02   3.2373722e+02   3.7259436e+02   2.7833768e+02   1.6767282e+02   1.9440583e+02   1.1569025e+02   5.4625899e+01   5.1752928e+01   3.7475102e+01   1.7977805e+01   1.4969204e+01   1.2744410e+01
   1.6986086e+06   2.3256930e+03   5.7256712e+03   5.1378431e+03   1.2160081e+03   2.4804242e+03   2.3046976e+03   6.7445524e+02   1.3372535e+03   1.3170694e+03   5.7296732e+02   1.0284655e+03   1.0117085e+03   3.9883589e+02   3.2375425e+02   2.5590962e+02   1.2516026e+02   1.0628907e+02   9.4547021e+01   6.6673348e+01   5.6715455e+01   4.5844895e+01   3.0852021e+01   2.9852256e+01   2.7499661e+01
   1.6979541e+06   1.2512635e+03   4.8259623e+03   4.5586665e+03   6.8278979e+02   2.6694298e+03   2.6928205e+03   6.6281792e+02   1.1960852e+03   1.0251781e+03   2.9980968e+02   7.9772417e+02   7.6080602e+02   2.6584029e+02   3.1491420e+02   2.9851392e+02   1.8676941e+02   1.6136297e+02   1.2125032e+02   5.9003930e+01   7.0937511e+01   5.7546982e+01   3.4398326e+01   3.2580928e+01   3.3014229e+01
   1.7002397e+06   1.3557847e+03   4.8119942e+03   4.5086406e+03   7.0463559e+02   2.5332843e+03   2.3942895e+03   4.7935475e+02   1.2112052e+03   1.1855742e+03   3.6734489e+02   9.1094991e+02   8.5632192e+02   2.1842236e+02   2.8244857e+02   2.5595808e+02   1.5732267e+02   1.5118737e+02   1.1124875e+02   6.4131031e+01   6.1252774e+01   3.2137100e+01   8.4261128e+00   1.0329367e+01   1.1832969e+01
   1.7089978e+06   1.8630059e+03   4.9542526e+03   4.3694433e+03   5.7739864e+02   2.9258559e+03   2.9891751e+03   9.0555371e+02   1.3000608e+03   9.7423247e+02   4.5195412e+02   1.0697746e+03   1.0658198e+03   4.1208678e+02   3.9584028e+02   3.2725764e+02   1.8543980e+02   2.0127562e+02   1.7613901e+02   1.1923997e+02   7.4485301e+01   4.6909129e+01   5.1116097e+01   5.2749248e+01   5.1046727e+01
   1.7122150e+06   1.3910358e+03   4.5446340e+03   4.3012449e+03   6.0629795e+02   2.5825345e+03   2.5470582e+03   6.8321219e+02   1.3153454e+03   1.0843295e+03   3.5551911e+02   8.4951193e+02   8.1865085e+02   2.7958622e+02   2.7099750e+02   1.7816520e+02   8.4195073e+01   1.0202501e+02   8.7906426e+01   5.7579105e+01   5.7650540e+01   3.1588046e+01   1.7385730e+01   1.6839792e+01   1.3496281e+01
   1.7127687e+06   1.4486954e+03   4.8845204e+03   4.4040814e+03   7.4730394e+02   2.5340059e+03   2.3561960e+03   5.0228008e+02   1.1343117e+03   1.0397424e+03   5.0756685e+02   1.0395241e+03   8.6026546e+02   2.5502208e+02   3.7429282e+02   2.6871106e+02   1.0525809e+02   1.3858428e+02   1.2682451e+02   6.7651013e+01   4.7540153e+01   2.3179532e+01   1.5152882e+01   1.8577359e+01   1.7767110e+01
   1.7063504e+06   1.5281717e+03   4.9217370e+03   4.4532649e+03   9.5332912e+02   2.7383161e+03   2.7388242e+03   1.1458982e+03   1.4827664e+03   1.4157369e+03   1.0368427e+03   1.1721877e+03   9.5683858e+02   5.3843922e+02   5.1242192e+02   3.9598298e+02   2.7931346e+02   2.6245388e+02   1.5425556e+02   8.0297967e+01   5.9502630e+01   3.1603917e+01   1.4813129e+01   6.3122420e+00   6.5412564e+00
   1.7137428e+06   1.7073968e+03   5.2846944e+03   5.6468176e+03   2.1230225e+03   3.5808962e+03   3.5248430e+03   1.5367222e+03   2.3461465e+03   2.8378034e+03   1.5291499e+03   1.2070476e+03   1.4361346e+03   1.0323828e+03   8.7274309e+02   6.4414798e+02   4.5350695e+02   3.9494909e+02   2.1043561e+02   1.2095192e+02   8.2611315e+01   6.4488887e+01   4.4130304e+01   3.2505810e+01   2.8487351e+01
   1.7199036e+06   2.1119902e+03   5.8276610e+03   5.6403464e+03   1.5415011e+03   4.1077217e+03   3.9104275e+03   1.6422441e+03   3.0203460e+03   2.8537591e+03   1.5640946e+03   1.5090671e+03   1.6138871e+03   1.1573791e+03   9.0741051e+02   7.1370298e+02   5.3161473e+02   4.0367768e+02   2.2091306e+02   1.4142883e+02   8.2798481e+01   6.2833767e+01   4.3986126e+01   3.9586470e+01   4.5268379e+01
   1.7255333e+06   1.7674196e+03   5.0184124e+03   5.5400009e+03   2.1798457e+03   3.8799856e+03   3.6490847e+03   1.7300697e+03   2.5712232e+03   2.4911969e+03   1.6621842e+03   1.9745219e+03   2.1081165e+03   1.3951558e+03   9.3610600e+02   8.4255232e+02   6.4889132e+02   4.2386860e+02   2.9806357e+02   1.7527743e+02   1.3086126e+02   7.1721730e+01   3.4698327e+01   1.9793727e+01   1.0117171e+01
   1.7336914e+06   2.1454522e+03   5.4337567e+03   5.5701757e+03   2.2879287e+03   3.9645066e+03   3.7470882e+03   1.9434351e+03   1.9699685e+03   1.8566327e+03   1.5457540e+03   1.6540014e+03   1.6360421e+03   1.1826211e+03   1.0286667e+03   7.4405992e+02   4.1383971e+02   3.6811661e+02   3.2487488e+02   1.7360435e+02   9.3403595e+01   5.2109042e+01   3.4450249e+01   1.9926764e+01   1.2984974e+01
   1.7363308e+06   2.0241666e+03   6.0788854e+03   5.9722795e+03   1.6767974e+03   3.0425028e+03   3.2816234e+03   2.1750559e+03   2.2623027e+03   1.9266290e+03   1.7691827e+03   2.1536547e+03   1.7671604e+03   1.0681792e+03   9.2460890e+02   6.4459991e+02   4.1675524e+02   3.4108523e+02   2.7952316e+02   1.8013162e+02   9.3459006e+01   5.2832579e+01   3.9526552e+01   3.7468536e+01   3.8484753e+01
   1.7343177e+06   1.5016604e+03   5.4522618e+03   5.3475954e+03   1.5214986e+03   3.2269285e+03   2.8621656e+03   9.5521871e+02   1.7229402e+03   1.4946357e+03   1.0479507e+03   1.5699211e+03   1.0057947e+03   4.8366628e+02   6.3659607e+02   5.0916075e+02   2.6519484e+02   2.1624291e+02   1.7095383e+02   9.2331289e+01   5.4574964e+01   3.8200482e+01   2.4964914e+01   1.7008873e+01   1.6416337e+01
   1.7382791e+06   1.5735721e+03   5.1351809e+03   4.8776866e+03   1.1466138e+03   2.8989539e+03   2.7530031e+03   8.6412150e+02   1.2561913e+03   1.1910129e+03   4.7215846e+02   8.4920707e+02   9.1373506e+02   3.9837903e+02   3.7985423e+02   2.9755784e+02   1.8766141e+02   1.7123312e+02   1.4741753e+02   8.6837353e+01   5.2701028e+01   2.7748941e+01   1.1307102e+01   6.8463919e+00   4.3984149e+00
   1.7380243e+06   1.9186875e+03   4.8800666e+03   4.6290205e+03   7.2598478e+02   2.7674436e+03   2.6670355e+03   4.1395636e+02   1.0857569e+03   1.0572708e+03   3.8513057e+02   8.0241840e+02   6.7963536e+02   1.8494183e+02   2.8392455e+02   2.2163065e+02   1.4473163e+02   1.5431404e+02   9.8078440e+01   5.8699669e+01   4.8325557e+01   2.8179959e+01   1.1187750e+01   8.5687263e+00   4.7141020e+00
   1.7337947e+06   1.6949671e+03   5.0647081e+03   4.9397599e+03   8.7394347e+02   2.3970318e+03   2.3702660e+03   6.2876284e+02   1.1945524e+03   1.1429771e+03   4.6600784e+02   9.2247274e+02   8.5103941e+02   3.2448801e+02   3.3951009e+02   2.5621057e+02   1.4388354e+02   1.5495337e+02   1.3678681e+02   6.7900502e+01   4.4985375e+01   2.9353775e+01   1.6427449e+01   1.6448998e+01   1.6674182e+01
   1.7341622e+06   1.8946257e+03   4.8282089e+03   4.6457603e+03   7.8397839e+02   2.5090392e+03   2.4580568e+03   7.3249283e+02   1.2885797e+03   1.1041968e+03   3.7266182e+02   9.1845713e+02   8.4696094e+02   2.4801370e+02   3.2427764e+02   2.6489674e+02   1.3423065e+02   1.4833315e+02   1.1542764e+02   3.4464625e+01   2.5990027e+01   2.0664736e+01   1.0238290e+01   7.7817043e+00   4.4089271e+00
   1.7267137e+06   1.5427260e+03   5.0791082e+03   4.7266406e+03   9.4180389e+02   2.6989421e+03   2.5884122e+03   6.4999413e+02   1.1675794e+03   1.0487744e+03   4.2519550e+02   9.1590627e+02   8.3026944e+02   2.4572261e+02   2.9270419e+02   2.3299125e+02   1.3001040e+02   1.2961958e+02   8.9267651e+01   5.2180923e+01   4.6204670e+01   3.1684645e+01   1.3046644e+01   9.6084281e+00   9.6570501e+00
   1.7269428e+06   1.6131049e+03   5.1102087e+03   4.8146248e+03   7.8573166e+02   2.5121853e+03   2.3765324e+03   4.1625657e+02   1.0454812e+03   9.7983221e+02   3.1330669e+02   8.2984153e+02   8.0944157e+02   2.2640626e+02   3.0057184e+02   2.9547739e+02   1.4879136e+02   1.3769165e+02   9.3325823e+01   3.9165609e+01   3.1384755e+01   2.9719810e+01   1.2722163e+01   7.6943283e+00   7.9194609e+00
   1.7350193e+06   2.9943539e+03   5.5001683e+03   5.2175847e+03   1.2069569e+03   2.7964801e+03   2.7424913e+03   6.6915313e+02   1.1715579e+03   1.1469171e+03   5.5849604e+02   9.0186376e+02   8.0063310e+02   2.6878651e+02   2.9885004e+02   2.8518038e+02   1.4791510e+02   1.7272681e+02   1.4904714e+02   4.7636278e+01   3.3453353e+01   4.0571917e+01   4.3864126e+01   3.6764830e+01   3.4207498e+01
   1.7423475e+06   2.2873190e+03   5.7769167e+03   5.0795699e+03   9.0713227e+02   2.7592517e+03   2.8629153e+03   7.5759143e+02   1.2941046e+03   1.3706980e+03   4.2880194e+02   7.9936022e+02   8.5339552e+02   2.9918068e+02   2.9844209e+02   2.4253497e+02   1.4288566e+02   1.5422762e+02   1.1040213e+02   4.8768971e+01   4.6701585e+01   3.3318431e+01   1.5689385e+01   1.1380397e+01   1.0943384e+01
   1.7443216e+06   1.9508222e+03   5.3507654e+03   4.8135732e+03   7.3624876e+02   2.5722432e+03   2.5434924e+03   6.0223401e+02   1.2702161e+03   1.2742244e+03   5.6222871e+02   9.6056814e+02   8.3547893e+02   2.6918444e+02   3.5459149e+02   3.3464751e+02   1.7686270e+02   1.4019413e+02   1.2919754e+02   5.1174483e+01   3.8421098e+01   3.3795603e+01   2.1103605e+01   2.0687602e+01   2.0181255e+01
   1.7496272e+06   1.8749296e+03   4.7827169e+03   4.5419112e+03   5.6714093e+02   2.4523215e+03   2.6342735e+03   8.1183829e+02   1.3036216e+03   1.2154171e+03   4.7918898e+02   8.7790558e+02   8.3661576e+02   2.8381147e+02   3.1608010e+02   2.7481374e+02   2.1334499e+02   1.7890365e+02   1.0427551e+02   6.8957339e+01   7.4310709e+01   5.6038806e+01   4.1413757e+01   3.9431986e+01   3.7654987e+01
   1.7503208e+06   1.7893747e+03   5.3274487e+03   4.9551280e+03   1.0489492e+03   2.7800849e+03   2.6162723e+03   6.1174327e+02   1.2988454e+03   1.1549236e+03   4.9443329e+02   1.0152279e+03   8.9112078e+02   3.1070134e+02   2.6635548e+02   2.4726766e+02   1.8826337e+02   1.6841143e+02   1.2991416e+02   7.8414208e+01   7.6267389e+01   5.9386433e+01   3.2276345e+01   3.1089224e+01   2.8855175e+01
   1.7499550e+06   2.0780968e+03   5.1007962e+03   4.6831477e+03   6.8467615e+02   2.4936553e+03   2.4228431e+03   5.2709575e+02   1.2227552e+03   1.1961973e+03   4.8719649e+02   1.0111908e+03   9.1932573e+02   3.0757347e+02   4.0081886e+02   3.0991300e+02   1.5130354e+02   1.3709939e+02   1.0461505e+02   5.4834112e+01   3.6062614e+01   2.8119311e+01   2.0262947e+01   1.7426498e+01   1.5809711e+01
   1.7392932e+06   1.7446207e+03   5.2120047e+03   4.9451933e+03   1.1246226e+03   2.7562531e+03   2.5851196e+03   7.1701777e+02   1.3764845e+03   1.2259056e+03   4.2694970e+02   9.3373784e+02   8.1747869e+02   2.5918554e+02   3.4091925e+02   2.7645278e+02   1.3579031e+02   1.2907062e+02   1.1189048e+02   7.2463214e+01   5.3150938e+01   2.7092832e+01   1.6697767e+01   1.9673257e+01   1.8825472e+01
   1.7467496e+06   1.5637263e+03   5.0669212e+03   4.6811872e+03   1.1435642e+03   2.7114077e+03   2.4186165e+03   7.4628993e+02   1.3621801e+03   1.2261808e+03   4.7054964e+02   8.0775085e+02   9.2807407e+02   4.0329693e+02   4.6031201e+02   4.1614839e+02   1.3116945e+02   1.0996224e+02   9.4849008e+01   6.4384940e+01   5.9823286e+01   4.3627424e+01   3.1904029e+01   3.2512603e+01   3.0718365e+01
   1.7390122e+06   1.6905952e+03   5.0038540e+03   4.8610575e+03   8.7693741e+02   2.9094545e+03   2.8936495e+03   8.0284399e+02   1.3926659e+03   1.1788797e+03   3.7149705e+02   8.6467617e+02   8.9984159e+02   3.7215251e+02   3.5939739e+02   3.0254260e+02   1.6872030e+02   1.4536083e+02   1.1093255e+02   5.1203040e+01   3.7798169e+01   2.3739838e+01   1.2225519e+01   1.2681268e+01   1.2252002e+01
   1.7410792e+06   1.4971220e+03   5.7578776e+03   5.5081976e+03   9.8470812e+02   3.1553278e+03   2.9671627e+03   7.1988888e+02   1.4181615e+03   1.3782923e+03   7.1386923e+02   1.0532752e+03   8.7035087e+02   3.3999307e+02   4.0251360e+02   2.9745758e+02   1.4960193e+02   1.2482771e+02   1.0213307e+02   5.7405093e+01   4.4671952e+01   2.2756534e+01   9.8296736e+00   8.1494553e+00   6.7835928e+00
   1.7388103e+06   5.1277253e+03   6.7261515e+03   5.0492317e+03   1.3537793e+03   3.1490796e+03   3.0203234e+03   8.0201575e+02   1.5041721e+03   1.5076219e+03   5.4823597e+02   8.2503533e+02   7.9444264e+02   3.7971806e+02   3.8383866e+02   2.9263448e+02   2.0294978e+02   1.8774726e+02   1.3736817e+02   8.4158790e+01   7.1779901e+01   6.8031889e+01   5.9010813e+01   5.2424444e+01   5.4926494e+01
   1.7457566e+06   5.8415658e+03   7.2077740e+03   5.8212940e+03   1.7945856e+03   3.4412128e+03   3.0964294e+03   1.1246404e+03   1.3863612e+03   1.0984709e+03   5.8850945e+02   1.2701341e+03   1.1563896e+03   4.3932114e+02   4.1928153e+02   3.7715909e+02   2.4172411e+02   2.1623008e+02   2.2355704e+02   1.4315504e+02   1.3528463e+02   1.3936842e+02   1.4489795e+02   1.4103876e+02   1.3668368e+02
   1.8136803e+06   3.1627342e+03   6.1346726e+03   5.6462757e+03   1.7335560e+03   2.9830490e+03   2.7442288e+03   9.7051202e+02   1.3638141e+03   1.2682549e+03   5.8724632e+02   9.8688667e+02   8.1631405e+02   4.2204310e+02   5.5418241e+02   4.3312712e+02   2.3193767e+02   2.4550126e+02   2.3792226e+02   1.7184445e+02   1.6489531e+02   1.5944006e+02   1.4552324e+02   1.4525349e+02   1.4453326e+02
   1.8196582e+06   3.7963495e+03   6.5115759e+03   5.3144126e+03   1.7193697e+03   3.0174057e+03   2.7041275e+03   8.3369232e+02   1.2871963e+03   1.1652751e+03   6.5716971e+02   1.1047758e+03   9.0365336e+02   3.9884155e+02   4.9876898e+02   5.4078053e+02   3.0814719e+02   1.6245645e+02   1.2164026e+02   4.9571201e+01   4.0502811e+01   3.4999872e+01   1.7014444e+01   7.6978895e+00   3.7765601e+00
   1.8209807e+06   3.7540594e+03   6.0232669e+03   5.1902079e+03   1.0641138e+03   2.8377617e+03   2.8938784e+03   7.8602244e+02   1.2265330e+03   1.3209757e+03   7.1287740e+02   1.0561392e+03   9.7597576e+02   3.5927524e+02   3.5021433e+02   3.0582167e+02   2.0983166e+02   1.8635719e+02   1.0648871e+02   4.7409366e+01   4.7862273e+01   3.9815463e+01   2.4174507e+01   2.0896359e+01   2.0133759e+01
   1.8200822e+06   3.4649608e+03   6.4539502e+03   5.6387713e+03   1.6743165e+03   3.1965650e+03   2.9118450e+03   7.7558624e+02   1.2279119e+03   1.2295246e+03   4.5941072e+02   7.9234791e+02   8.6062653e+02   3.2925571e+02   2.4387832e+02   2.5173562e+02   1.7887649e+02   1.4191453e+02   1.1568702e+02   6.7922381e+01   8.2978904e+01   7.2082907e+01   4.5740383e+01   3.9795158e+01   3.7755979e+01
   1.8162443e+06   4.1857368e+03   7.0113757e+03   6.0832740e+03   1.8998976e+03   3.7432477e+03   3.5787885e+03   1.1097873e+03   1.2287408e+03   1.4758958e+03   1.0059570e+03   1.2579521e+03   9.8636033e+02   3.5871734e+02   3.3471032e+02   3.1579933e+02   2.1689274e+02   1.6571159e+02   9.9612584e+01   6.1977807e+01   6.9091660e+01   4.6695299e+01   2.6026763e+01   1.0646629e+01   5.9826373e+00
   1.8122088e+06   3.5840590e+03   6.2306551e+03   5.4832893e+03   1.3771563e+03   2.8092419e+03   2.8597281e+03   1.1686590e+03   1.4364427e+03   1.1373277e+03   5.1071795e+02   1.0269984e+03   9.7328270e+02   4.3487520e+02   4.6867222e+02   3.7769250e+02   2.0727964e+02   1.6978791e+02   1.3950042e+02   6.5903765e+01   5.9505236e+01   4.0242077e+01   2.3591423e+01   2.4362641e+01   2.2976887e+01
   1.8123705e+06   3.1296869e+03   6.2506265e+03   4.9170034e+03   1.1440380e+03   3.2031032e+03   3.1218879e+03   1.1250457e+03   1.4782818e+03   1.1191465e+03   3.9513031e+02   1.0268879e+03   9.7543027e+02   3.2432734e+02   3.4261738e+02   3.0727539e+02   1.8136617e+02   1.6108678e+02   1.0935924e+02   6.5849877e+01   6.0473275e+01   4.0886872e+01   2.4371944e+01   2.1471433e+01   1.9207282e+01
   1.8131879e+06   2.8674042e+03   5.3171413e+03   4.9733097e+03   1.2492274e+03   2.9282321e+03   2.5892913e+03   6.6653387e+02   1.3220569e+03   1.3141482e+03   5.8781247e+02   9.7824875e+02   9.3870017e+02   3.9106426e+02   4.4655976e+02   4.2830542e+02   2.3744663e+02   1.7473220e+02   1.2358458e+02   5.1337217e+01   5.0089531e+01   3.0947013e+01   1.8421033e+01   1.3031022e+01   9.0386616e+00
   1.8110866e+06   4.9751215e+03   9.1316582e+03   7.2883843e+03   1.5315936e+03   4.8919730e+03   4.8255795e+03   1.6312169e+03   1.5083646e+03   1.0851393e+03   6.7485290e+02   9.4543706e+02   9.8743030e+02   5.8039681e+02   4.7427577e+02   4.1509017e+02   2.6842553e+02   2.1583516e+02   1.9005612e+02   1.2742495e+02   8.7843279e+01   5.9863319e+01   3.2569948e+01   1.9251235e+01   1.3272158e+01
   1.8104976e+06   1.9399699e+03   4.8741659e+03   4.8634517e+03   1.0145275e+03   2.6664744e+03   2.5768394e+03   6.9201698e+02   1.2792417e+03   1.1686364e+03   4.4037789e+02   9.6215937e+02   9.4085326e+02   3.2447745e+02   3.1524430e+02   2.8975021e+02   1.7619249e+02   1.4098104e+02   1.0336368e+02   5.0813404e+01   4.1986709e+01   3.3940268e+01   1.6289325e+01   1.2861307e+01   1.2567119e+01
   1.8129013e+06   1.8137500e+03   4.6351469e+03   4.4590600e+03   1.0205463e+03   2.6239263e+03   2.6029200e+03   7.9889251e+02   1.3480249e+03   1.1976280e+03   6.1655457e+02   9.9607050e+02   7.6680711e+02   3.3816046e+02   3.9172182e+02   3.1138146e+02   1.7682279e+02   1.4530574e+02   1.1402887e+02   6.1114141e+01   4.4918624e+01   3.1264526e+01   1.8414904e+01   1.6696388e+01   1.4017724e+01
   1.8131568e+06   2.2996950e+03   5.2127374e+03   5.1264078e+03   1.2263899e+03   2.8762441e+03   2.6869997e+03   6.9241904e+02   1.1516326e+03   1.1218969e+03   5.9257502e+02   9.0753973e+02   8.2366054e+02   3.6033296e+02   3.8227003e+02   3.4970182e+02   1.9345913e+02   1.5760325e+02   1.3225461e+02   6.1705298e+01   5.4473544e+01   3.8459198e+01   2.4452725e+01   2.2908564e+01   2.2151124e+01
   1.8073744e+06   2.5090538e+03   5.3814832e+03   5.3684029e+03   1.1121478e+03   2.6816209e+03   2.7820846e+03   7.8627110e+02   1.1817248e+03   1.1554040e+03   4.0383378e+02   7.9174156e+02   8.8198771e+02   4.7480648e+02   4.4834958e+02   3.5456440e+02   2.0151706e+02   1.5269758e+02   1.2805156e+02   8.7857007e+01   7.9794359e+01   5.4141902e+01   4.7415265e+01   5.0705337e+01   4.8505949e+01
   1.8037738e+06   2.8117812e+03   5.0618824e+03   4.9254574e+03   1.1639285e+03   2.4797373e+03   2.4754113e+03   8.0199177e+02   1.2649122e+03   1.0842888e+03   3.9512731e+02   8.6243128e+02   8.5934704e+02   3.0273443e+02   3.4835957e+02   3.0479669e+02   1.5893786e+02   1.8645381e+02   1.4660230e+02   7.1279301e+01   4.5961861e+01   3.4107830e+01   1.5698850e+01   7.0060669e+00   2.8451075e+00
   1.8042295e+06   2.6497370e+03   4.9792109e+03   4.5102304e+03   1.2487558e+03   3.0709842e+03   2.8197052e+03   7.3771026e+02   1.0861651e+03   1.1078992e+03   5.1997102e+02   9.5270164e+02   8.8088062e+02   2.8778447e+02   3.1690859e+02   2.7426386e+02   1.3237099e+02   1.4357439e+02   1.5492245e+02   8.0196635e+01   5.0618678e+01   3.5479128e+01   3.0542933e+01   2.9990346e+01   2.8587392e+01
   1.8034981e+06   3.1372618e+03   6.2648923e+03   5.3282879e+03   1.2270406e+03   2.9139676e+03   2.8191264e+03   7.4989640e+02   1.2122496e+03   1.2502716e+03   5.1498937e+02   9.9771079e+02   9.6276077e+02   3.7402228e+02   3.5396838e+02   2.9043465e+02   1.7674060e+02   1.8179943e+02   1.3841455e+02   6.6146608e+01   4.6504815e+01   4.0541048e+01   2.7549879e+01   2.7723092e+01   2.9186653e+01
   1.8021607e+06   2.9122581e+03   5.0653372e+03   4.3625842e+03   1.0870920e+03   2.7382386e+03   2.7322595e+03   9.0286106e+02   1.2898727e+03   1.1775085e+03   5.8131314e+02   9.5238728e+02   8.4733772e+02   3.5318161e+02   3.1198697e+02   2.3969396e+02   1.3431524e+02   1.5953432e+02   1.2403897e+02   5.6783181e+01   4.6141447e+01   3.5085214e+01   1.4535373e+01   9.5258723e+00   7.1882547e+00
   1.8029443e+06   1.6331216e+03   5.0227882e+03   4.9594529e+03   1.1102903e+03   2.7502334e+03   2.7771967e+03   7.3303798e+02   1.2878050e+03   1.2652514e+03   5.1459756e+02   8.2706199e+02   8.5991608e+02   3.9129047e+02   3.1246327e+02   2.5601026e+02   1.8215990e+02   1.6949913e+02   1.1814188e+02   5.4311507e+01   3.8123463e+01   2.8516071e+01   1.8055914e+01   1.7694829e+01   1.6878814e+01
   1.8032147e+06   3.1030093e+03   5.3680148e+03   5.1151512e+03   1.3860626e+03   2.6057960e+03   2.5143680e+03   7.1881669e+02   1.2791310e+03   1.1019183e+03   4.4674481e+02   9.2041530e+02   8.8972522e+02   3.6540343e+02   3.4002167e+02   2.4748354e+02   1.0937975e+02   1.3242246e+02   1.1956838e+02   5.7587176e+01   4.9509000e+01   3.2647646e+01   1.6881953e+01   1.3052170e+01   1.3456289e+01
   1.8020859e+06   2.3244548e+03   5.3135611e+03   4.5207850e+03   9.2777000e+02   2.7651783e+03   2.7232686e+03   8.2672740e+02   1.3989184e+03   1.2646942e+03   6.2162444e+02   9.2517195e+02   8.5075059e+02   3.3149688e+02   2.6985799e+02   2.5141543e+02   1.8148564e+02   1.7964985e+02   1.3119234e+02   4.1160156e+01   2.7477633e+01   2.1734963e+01   9.8180149e+00   7.3363555e+00   3.6827302e+00
   1.8021206e+06   3.1973777e+03   5.6879350e+03   5.2057377e+03   1.3012047e+03   3.1153247e+03   3.0445348e+03   7.6534892e+02   1.2954802e+03   1.2685520e+03   5.7039839e+02   1.0189124e+03   8.6465523e+02   2.1383571e+02   2.3488960e+02   2.5741309e+02   1.8522953e+02   1.6312987e+02   1.1809273e+02   5.4376121e+01   4.4375762e+01   3.0226513e+01   1.9687727e+01   1.4193805e+01   1.2186827e+01
   1.8026200e+06   1.9622439e+03   4.5866202e+03   4.7009366e+03   1.0923223e+03   2.7480000e+03   2.6863909e+03   6.5211366e+02   1.2551093e+03   1.1715190e+03   4.9742803e+02   9.7764036e+02   8.2873764e+02   2.1528535e+02   2.3855120e+02   2.3384541e+02   1.2316896e+02   1.1867347e+02   1.0589420e+02   7.1136948e+01   5.7395762e+01   2.9418761e+01   1.1272001e+01   8.3827327e+00   3.5603519e+00
   1.8020754e+06   1.8239512e+03   4.9780795e+03   4.7742925e+03   1.1492691e+03   2.6331392e+03   2.6597338e+03   7.6279569e+02   1.2894359e+03   1.3348075e+03   4.8891912e+02   8.6637344e+02   7.8171307e+02   2.5698568e+02   3.7478702e+02   2.5008214e+02   1.0708037e+02   1.2403940e+02   9.9812135e+01   6.5521482e+01   7.1322878e+01   4.7977842e+01   2.7480899e+01   2.8390183e+01   2.7989140e+01
